5 0.889323 0.170496 0.031771 0.079963
0 0.897135 0.308824 0.045312 0.064338
0 0.831250 0.349724 0.050000 0.098346
0 0.856510 0.847886 0.115104 0.284007
0 0.378125 0.883272 0.173958 0.231618
0 0.294271 0.335018 0.078125 0.068934
0 0.434635 0.232537 0.050521 0.055147
0 0.485417 0.182445 0.036458 0.039522
0 0.541406 0.181066 0.032813 0.047794
0 0.820052 0.233915 0.027604 0.061581
3 0.910417 0.237592 0.015625 0.070772
4 0.621615 0.259191 0.050521 0.077206
4 0.669531 0.296875 0.054688 0.071691
4 0.384375 0.590533 0.151042 0.190257
2 0.174219 0.357537 0.094271 0.090074
4 0.674479 0.194393 0.032292 0.045037
