5 0.234896 0.550092 0.191667 0.263787
3 0.244531 0.341912 0.048438 0.080882
0 0.393750 0.276195 0.066667 0.070772
0 0.457031 0.196232 0.044271 0.056066
0 0.846354 0.498621 0.071875 0.142463
0 0.956771 0.312960 0.058333 0.100184
0 0.936719 0.260570 0.045312 0.074449
0 0.867448 0.237592 0.040104 0.074449
0 0.897135 0.191176 0.029687 0.044118
0 0.566146 0.166820 0.033333 0.045037
4 0.506771 0.196691 0.052083 0.055147
4 0.818229 0.217371 0.039583 0.105699
4 0.704688 0.156710 0.031250 0.052390
4 0.051823 0.377757 0.102604 0.112132
