1 0.910937 0.204504 0.051042 0.105699
0 0.870313 0.240349 0.034375 0.056066
0 0.895573 0.307445 0.043229 0.067096
0 0.635417 0.364430 0.056250 0.085478
0 0.255729 0.358915 0.094792 0.094669
0 0.397135 0.250919 0.050521 0.053309
0 0.514844 0.184743 0.038021 0.047794
4 0.564583 0.164982 0.033333 0.035846
4 0.707812 0.203125 0.035417 0.073529
4 0.590365 0.281250 0.058854 0.102941
3 0.227083 0.279871 0.029167 0.070772
3 0.157292 0.338695 0.043750 0.079963
2 0.912240 0.719210 0.107813 0.241728
4 0.819531 0.212776 0.031771 0.050551
