5 0.235677 0.348346 0.103646 0.130515
0 0.112500 0.409467 0.111458 0.089154
0 0.391146 0.264246 0.067708 0.076287
0 0.505990 0.201287 0.042188 0.051471
0 0.470833 0.190717 0.038542 0.045037
0 0.832292 0.381434 0.047917 0.099265
0 0.882031 0.312500 0.043229 0.075368
0 0.938281 0.287224 0.044271 0.057904
0 0.881771 0.177849 0.023958 0.041360
3 0.459635 0.214614 0.022396 0.056066
3 0.491667 0.173254 0.015625 0.045037
4 0.044010 0.403033 0.086979 0.107537
4 0.719792 0.179688 0.030208 0.041360
3 0.858073 0.204963 0.014063 0.047794
3 0.646615 0.167739 0.015104 0.046875
