5 0.640365 0.172335 0.038021 0.068934
0 0.650781 0.229779 0.032813 0.045956
0 0.587760 0.316636 0.056771 0.065257
0 0.669531 0.301930 0.043229 0.067096
0 0.931250 0.421415 0.065625 0.105699
0 0.905729 0.873621 0.148958 0.250919
0 0.455469 0.733915 0.138021 0.212316
0 0.408333 0.544577 0.121875 0.160846
0 0.266927 0.573529 0.134896 0.136029
0 0.393750 0.267463 0.060417 0.062500
0 0.533594 0.165441 0.033854 0.034926
4 0.817969 0.221967 0.033854 0.105699
5 0.862240 0.219210 0.031771 0.059743
4 0.903646 0.211857 0.027083 0.061581
