5 0.588021 0.130515 0.029167 0.055147
4 0.614844 0.171875 0.025521 0.040441
4 0.751563 0.262408 0.062500 0.083640
4 0.782813 0.391085 0.094792 0.144301
4 0.069792 0.608456 0.138542 0.211397
4 0.491146 0.179228 0.026042 0.042279
0 0.555990 0.189798 0.023438 0.034007
0 0.607812 0.234375 0.035417 0.044118
0 0.561719 0.225184 0.031771 0.051471
0 0.080729 0.352482 0.069792 0.076287
0 0.939583 0.738511 0.120833 0.284007
0 0.715885 0.219669 0.041146 0.045956
0 0.663281 0.206342 0.036979 0.041360
0 0.634896 0.168199 0.023958 0.033088
