5 0.964323 0.329044 0.059896 0.102941
5 0.400260 0.253676 0.067187 0.086397
2 0.577604 0.340993 0.059375 0.086397
4 0.661979 0.296875 0.050000 0.068015
4 0.710156 0.205882 0.035937 0.055147
4 0.877083 0.780331 0.116667 0.303309
4 0.316406 0.250460 0.077604 0.102022
0 0.057552 0.421875 0.114062 0.091912
0 0.051562 0.500000 0.102083 0.139706
0 0.498177 0.179688 0.038021 0.041360
0 0.572396 0.158548 0.021875 0.034007
0 0.535417 0.157169 0.028125 0.038603
0 0.870052 0.245864 0.033854 0.065257
3 0.506771 0.306985 0.028125 0.079044
