5 0.956250 0.556066 0.086458 0.266544
5 0.821615 0.282629 0.049479 0.135110
2 0.862760 0.429688 0.060937 0.118566
0 0.456771 0.715533 0.140625 0.206801
0 0.649740 0.225643 0.034896 0.054228
0 0.694531 0.246324 0.039062 0.053309
0 0.912500 0.224724 0.028125 0.052390
0 0.896094 0.193015 0.024479 0.044118
4 0.724479 0.172794 0.025000 0.040441
4 0.818229 0.195312 0.026042 0.074449
4 0.590365 0.217831 0.045312 0.091912
4 0.101823 0.794577 0.202604 0.333640
4 0.150000 0.410846 0.136458 0.115809
4 0.334635 0.255974 0.067187 0.078125
3 0.498177 0.174173 0.015104 0.050551
3 0.533333 0.169118 0.017708 0.040441
