6 0.920312 0.219669 0.042708 0.102941
0 0.869531 0.247243 0.029687 0.055147
0 0.835677 0.428768 0.058854 0.113051
0 0.510156 0.306985 0.064062 0.084559
0 0.216406 0.621783 0.169271 0.177390
0 0.683073 0.272059 0.042188 0.077206
0 0.375260 0.272978 0.067187 0.077206
0 0.325260 0.268842 0.055729 0.065257
4 0.479687 0.180607 0.043750 0.052390
4 0.514323 0.187500 0.047396 0.044118
4 0.500781 0.437500 0.099479 0.141544
4 0.963281 0.560202 0.073438 0.267463
2 0.625521 0.267463 0.042708 0.068015
0 0.712760 0.210478 0.031771 0.055147
3 0.340104 0.305607 0.029167 0.074449
