5 0.845833 0.142463 0.029167 0.077206
0 0.815365 0.180607 0.024479 0.045037
0 0.835677 0.369945 0.053646 0.094669
0 0.626302 0.269761 0.043229 0.057904
0 0.654948 0.329044 0.051562 0.068015
0 0.459635 0.488971 0.093229 0.123162
0 0.300521 0.564798 0.131250 0.138787
0 0.173958 0.422335 0.123958 0.103860
0 0.409635 0.226103 0.044271 0.053309
0 0.508854 0.198070 0.040625 0.043199
3 0.447917 0.222426 0.018750 0.053309
3 0.982292 0.330423 0.027083 0.078125
0 0.890365 0.179688 0.025521 0.045037
4 0.706250 0.162684 0.023958 0.036765
