6 0.292448 0.265625 0.229687 0.185662
0 0.143490 0.431985 0.111979 0.113971
0 0.118229 0.900735 0.235417 0.183824
0 0.612500 0.303309 0.048958 0.084559
0 0.843229 0.511949 0.080208 0.163603
0 0.905990 0.368107 0.058854 0.092831
0 0.827865 0.300092 0.045312 0.090993
2 0.882812 0.278493 0.039583 0.071691
0 0.919271 0.246783 0.039583 0.063419
0 0.853125 0.204044 0.034375 0.051471
0 0.811198 0.176471 0.028646 0.047794
0 0.639844 0.188419 0.033854 0.044118
0 0.537760 0.166820 0.036979 0.043199
3 0.462240 0.234375 0.022396 0.047794
