5 0.422917 0.196691 0.059375 0.082721
3 0.295052 0.560662 0.052604 0.117647
0 0.366146 0.625919 0.145833 0.191176
0 0.940625 0.295496 0.044792 0.068934
0 0.682292 0.270680 0.038542 0.061581
0 0.244531 0.378676 0.094271 0.068015
0 0.294531 0.287684 0.068229 0.071691
0 0.371615 0.220129 0.049479 0.046875
0 0.525521 0.189338 0.037500 0.047794
4 0.406771 0.265625 0.070833 0.086397
4 0.122917 0.384651 0.134375 0.100184
4 0.592448 0.447610 0.093229 0.128676
4 0.855990 0.653952 0.102604 0.250919
4 0.925521 0.446691 0.075000 0.191176
4 0.872656 0.247243 0.053646 0.058824
