5 0.445573 0.711397 0.208854 0.378676
0 0.830729 0.350643 0.052083 0.096507
0 0.699479 0.226562 0.035417 0.056066
0 0.651302 0.181526 0.028646 0.037684
0 0.892188 0.199449 0.025000 0.040441
0 0.473177 0.214154 0.042188 0.049632
0 0.320833 0.323989 0.079167 0.072610
0 0.169010 0.337776 0.076563 0.074449
2 0.349219 0.259191 0.057813 0.064338
4 0.553125 0.364430 0.067708 0.098346
4 0.645312 0.357537 0.059375 0.099265
4 0.654167 0.221507 0.041667 0.058824
4 0.561198 0.167279 0.034896 0.044118
4 0.929427 0.243107 0.036979 0.087316
