6 0.890885 0.181066 0.048438 0.086397
4 0.944271 0.270221 0.039583 0.080882
4 0.897656 0.331342 0.053646 0.146140
4 0.276042 0.562040 0.154167 0.168199
4 0.599740 0.288143 0.055729 0.081801
4 0.823958 0.434743 0.062500 0.136029
0 0.821615 0.295496 0.044271 0.065257
0 0.838542 0.216912 0.028125 0.047794
0 0.713021 0.206801 0.030208 0.044118
0 0.683854 0.264246 0.040625 0.054228
0 0.622917 0.209559 0.036458 0.047794
0 0.445573 0.240349 0.054688 0.059743
0 0.465625 0.196691 0.040625 0.044118
0 0.254688 0.312500 0.088542 0.079044
0 0.164844 0.430147 0.117188 0.095588
