5 0.912500 0.374540 0.064583 0.131434
0 0.867448 0.240349 0.028646 0.048713
0 0.897135 0.199908 0.029687 0.041360
0 0.670052 0.289522 0.044271 0.064338
0 0.524219 0.601562 0.102604 0.135110
0 0.181250 0.409007 0.096875 0.097426
0 0.483333 0.219669 0.044792 0.047794
3 0.486979 0.163603 0.013542 0.049632
4 0.549740 0.168199 0.034896 0.047794
4 0.665104 0.199449 0.036458 0.080882
4 0.720313 0.189338 0.027083 0.047794
4 0.823177 0.260570 0.036979 0.067096
4 0.931510 0.260110 0.044271 0.060662
4 0.965885 0.331801 0.058854 0.093750
4 0.861198 0.898438 0.150521 0.201287
