6 0.467448 0.333180 0.196354 0.249081
4 0.707292 0.197610 0.044792 0.077206
4 0.307552 0.312040 0.086979 0.087316
4 0.408854 0.255974 0.069792 0.070772
4 0.825781 0.243107 0.034896 0.056066
0 0.920312 0.255974 0.039583 0.063419
0 0.899219 0.204504 0.026562 0.045037
0 0.392448 0.224724 0.046354 0.056066
0 0.507031 0.190717 0.036979 0.043199
0 0.212240 0.325368 0.083854 0.073529
0 0.060156 0.497243 0.119271 0.139706
0 0.120573 0.920956 0.238021 0.158088
3 0.045573 0.394301 0.047396 0.079044
3 0.463802 0.185662 0.019271 0.042279
