5 0.437240 0.370864 0.104688 0.140625
5 0.479167 0.198070 0.052083 0.085478
4 0.821094 0.236213 0.033854 0.075368
4 0.874740 0.850184 0.152604 0.295956
4 0.977865 0.373162 0.043229 0.101103
4 0.249479 0.275276 0.081250 0.070772
4 0.513542 0.164982 0.035417 0.046875
3 0.535677 0.172335 0.017188 0.046875
0 0.350521 0.299632 0.066667 0.064338
0 0.063281 0.491728 0.125521 0.134191
0 0.638021 0.368566 0.067708 0.091912
0 0.913542 0.229779 0.035417 0.062500
0 0.858333 0.204963 0.030208 0.056985
0 0.962240 0.584099 0.075521 0.175551
0 0.572135 0.157169 0.027604 0.038603
