5 0.360156 0.402574 0.083854 0.147059
4 0.895312 0.391085 0.095833 0.125919
4 0.777604 0.259651 0.060417 0.057904
4 0.255729 0.393382 0.098958 0.176471
4 0.659115 0.206342 0.040104 0.041360
0 0.975521 0.428768 0.048958 0.090993
0 0.941927 0.780331 0.116146 0.308824
0 0.791146 0.306066 0.058333 0.084559
0 0.382292 0.274816 0.041667 0.068015
2 0.704948 0.236213 0.048438 0.053309
3 0.763802 0.260570 0.019271 0.041360
3 0.348438 0.201287 0.013542 0.036765
0 0.630990 0.189338 0.033854 0.045956
3 0.682292 0.196691 0.016667 0.044118
