5 0.903385 0.298713 0.078646 0.169118
5 0.647135 0.341452 0.075521 0.153493
0 0.841406 0.448070 0.066146 0.149816
0 0.975781 0.353860 0.048438 0.075368
0 0.446094 0.379596 0.080729 0.086397
0 0.151562 0.368107 0.090625 0.090993
0 0.439323 0.209559 0.044271 0.042279
0 0.625260 0.195772 0.034896 0.040441
0 0.700521 0.230699 0.034375 0.044118
4 0.821094 0.243107 0.033854 0.061581
0 0.863802 0.220588 0.028646 0.047794
0 0.817448 0.204044 0.024479 0.045956
4 0.408073 0.193934 0.051562 0.049632
4 0.495833 0.188879 0.050000 0.079963
