5 0.678906 0.278493 0.044271 0.071691
4 0.869271 0.778493 0.120833 0.305147
4 0.928125 0.255055 0.038542 0.063419
4 0.888281 0.190717 0.029687 0.037684
4 0.529167 0.158088 0.034375 0.045956
0 0.332813 0.261489 0.056250 0.057904
0 0.389062 0.278952 0.060417 0.052390
0 0.040625 0.524357 0.080208 0.111213
0 0.464583 0.194853 0.038542 0.044118
0 0.830990 0.295496 0.040104 0.085478
0 0.975781 0.337776 0.048438 0.105699
3 0.440885 0.228401 0.022396 0.045037
3 0.959896 0.271140 0.018750 0.060662
2 0.631510 0.204044 0.032813 0.045956
2 0.143490 0.372702 0.105729 0.083640
