5 0.634896 0.247702 0.042708 0.065257
4 0.611719 0.403952 0.079687 0.144301
4 0.505729 0.428309 0.089583 0.119485
4 0.822656 0.358915 0.052604 0.107537
0 0.216927 0.386489 0.094271 0.094669
0 0.050260 0.434283 0.099479 0.124081
0 0.104688 0.765625 0.208333 0.235294
0 0.430208 0.254596 0.050000 0.056985
0 0.942187 0.293199 0.043750 0.064338
0 0.866927 0.246783 0.032813 0.063419
0 0.816927 0.220588 0.029687 0.047794
0 0.637760 0.192555 0.031771 0.039522
0 0.529427 0.184743 0.035937 0.040441
2 0.496094 0.174173 0.034896 0.037684
2 0.285677 0.291820 0.072396 0.068934
2 0.128906 0.404871 0.046354 0.098346
