5 0.884896 0.279412 0.063542 0.125000
4 0.832812 0.299632 0.042708 0.108456
4 0.817187 0.208180 0.025000 0.048713
4 0.567969 0.157169 0.035937 0.045956
5 0.654687 0.158088 0.044792 0.071691
0 0.730208 0.175551 0.025000 0.047794
0 0.698177 0.234835 0.032813 0.052390
0 0.694271 0.159007 0.027083 0.040441
0 0.503906 0.172335 0.039062 0.041360
0 0.313281 0.323529 0.073438 0.071691
0 0.896354 0.692096 0.116667 0.292279
3 0.434115 0.196232 0.023438 0.054228
3 0.461458 0.178309 0.015625 0.042279
3 0.242188 0.325368 0.041667 0.082721
