5 0.621094 0.204963 0.043229 0.079044
0 0.643490 0.250000 0.044271 0.075368
0 0.250781 0.318474 0.081771 0.087316
0 0.346615 0.303309 0.079687 0.097426
0 0.539323 0.176471 0.035937 0.051471
0 0.906250 0.221048 0.032292 0.059743
0 0.737500 0.160386 0.027083 0.045037
4 0.835938 0.482996 0.094792 0.221507
4 0.886719 0.304228 0.055729 0.128676
4 0.486458 0.204963 0.051042 0.071691
4 0.388802 0.228401 0.060937 0.083640
0 0.072917 0.482077 0.144792 0.190257
2 0.558073 0.147978 0.032813 0.053309
2 0.818229 0.208180 0.035417 0.057904
