5 0.132812 0.353860 0.119792 0.126838
0 0.234375 0.373621 0.103125 0.089154
0 0.329948 0.266085 0.056771 0.063419
0 0.513281 0.190717 0.034896 0.037684
0 0.633594 0.248621 0.036979 0.050551
0 0.903385 0.347426 0.046354 0.079044
0 0.451302 0.511949 0.099479 0.121324
5 0.376823 0.432445 0.105729 0.147978
4 0.844271 0.519301 0.080208 0.273897
3 0.260677 0.279412 0.033854 0.056985
4 0.408333 0.197610 0.051042 0.056985
4 0.433073 0.224724 0.059896 0.083640
0 0.537240 0.151654 0.028646 0.034926
3 0.924479 0.235754 0.018750 0.061581
