6 0.484896 0.174632 0.087500 0.115809
4 0.548438 0.348346 0.077083 0.104779
4 0.068229 0.407629 0.135417 0.107537
0 0.308333 0.332721 0.080208 0.068015
0 0.559635 0.524357 0.103646 0.157169
0 0.839323 0.425092 0.053646 0.133272
0 0.950781 0.495864 0.075521 0.138787
0 0.822396 0.282629 0.037500 0.072610
0 0.879427 0.268382 0.035937 0.069853
0 0.858594 0.212776 0.027604 0.048713
4 0.708073 0.228860 0.044271 0.071691
2 0.640625 0.244026 0.041667 0.061581
3 0.920833 0.341452 0.019792 0.070772
3 0.257031 0.322151 0.034896 0.081801
