5 0.584115 0.218750 0.059896 0.079044
0 0.646354 0.333640 0.069792 0.090074
0 0.347135 0.671875 0.146354 0.178309
0 0.134115 0.443474 0.121354 0.105699
0 0.246094 0.317096 0.082812 0.066176
0 0.390365 0.238511 0.053646 0.050551
0 0.476823 0.221967 0.046354 0.045037
0 0.548177 0.173713 0.030729 0.038603
0 0.928906 0.455423 0.067187 0.118566
0 0.933073 0.274816 0.040104 0.055147
4 0.871354 0.263787 0.040625 0.060662
4 0.834115 0.470588 0.071354 0.156250
4 0.393750 0.841912 0.209375 0.312500
4 0.465104 0.188879 0.043750 0.046875
4 0.510417 0.146599 0.041667 0.072610
