5 0.955990 0.532629 0.088021 0.182904
0 0.888021 0.785846 0.129167 0.290441
0 0.468750 0.496324 0.096875 0.126838
0 0.405729 0.210478 0.052083 0.047794
0 0.684896 0.250919 0.041667 0.064338
0 0.503385 0.184283 0.039062 0.037684
4 0.555208 0.166360 0.032292 0.038603
4 0.903125 0.275735 0.042708 0.112132
3 0.972396 0.331342 0.022917 0.074449
3 0.927344 0.251379 0.017188 0.054228
3 0.468750 0.325368 0.034375 0.082721
3 0.462760 0.185662 0.015104 0.045956
3 0.627083 0.182904 0.014583 0.044118
4 0.667969 0.189798 0.032813 0.074449
2 0.386979 0.276195 0.063542 0.072610
2 0.166927 0.356158 0.091146 0.087316
