5 0.845313 0.489430 0.078125 0.166360
0 0.931510 0.443934 0.071354 0.130515
0 0.881510 0.286765 0.034896 0.064338
0 0.938281 0.268842 0.036979 0.056066
0 0.680990 0.281710 0.045312 0.068934
0 0.365885 0.245404 0.052604 0.049632
0 0.457813 0.222886 0.052083 0.052390
0 0.363021 0.625000 0.127083 0.158088
0 0.215625 0.390625 0.094792 0.088235
3 0.339323 0.280331 0.026562 0.062500
0 0.560417 0.167739 0.032292 0.037684
4 0.657292 0.217371 0.040625 0.063419
4 0.861719 0.214154 0.028646 0.056985
0 0.894271 0.190717 0.026042 0.043199
3 0.670312 0.164062 0.013542 0.043199
