6 0.922917 0.236213 0.065625 0.128676
0 0.883854 0.278033 0.045833 0.081801
0 0.861719 0.231618 0.029687 0.049632
0 0.920312 0.439798 0.069792 0.118566
0 0.539062 0.380974 0.067708 0.085478
0 0.417448 0.771140 0.148438 0.211397
0 0.183594 0.676471 0.170313 0.198529
0 0.278646 0.297794 0.077083 0.066176
0 0.402344 0.231618 0.052604 0.058824
0 0.557552 0.169118 0.027604 0.040441
3 0.151042 0.345588 0.040625 0.066176
2 0.154167 0.430147 0.123958 0.108456
4 0.356510 0.283548 0.078646 0.081801
4 0.578385 0.226103 0.040104 0.082721
0 0.668490 0.205882 0.029687 0.047794
4 0.637240 0.373162 0.071354 0.121324
0 0.723177 0.191636 0.023438 0.041360
