5 0.159375 0.321691 0.164583 0.174632
4 0.169792 0.807904 0.270833 0.369485
3 0.036198 0.751838 0.060937 0.178309
4 0.576562 0.476103 0.103125 0.170956
4 0.922656 0.410846 0.066146 0.121324
0 0.828646 0.332261 0.046875 0.098346
0 0.926562 0.255974 0.037500 0.057904
0 0.894271 0.197610 0.025000 0.036765
0 0.819271 0.227482 0.029167 0.045037
0 0.671615 0.198070 0.026562 0.041360
0 0.468490 0.223805 0.053646 0.048713
0 0.373958 0.242188 0.057292 0.048713
4 0.271354 0.340074 0.096875 0.097426
4 0.704427 0.214154 0.040104 0.077206
