5 0.885677 0.267463 0.043229 0.115809
0 0.953646 0.298254 0.047917 0.079963
0 0.827344 0.350184 0.044271 0.084559
0 0.863281 0.848346 0.124479 0.275735
0 0.448698 0.737592 0.140104 0.203125
0 0.397917 0.268842 0.057292 0.063419
0 0.482292 0.207721 0.045833 0.045956
0 0.427344 0.216452 0.045312 0.046875
3 0.294010 0.272518 0.030729 0.059743
3 0.189844 0.355699 0.048438 0.082721
5 0.536979 0.152114 0.036458 0.054228
0 0.715885 0.190717 0.026562 0.035846
3 0.838542 0.255515 0.022917 0.062500
4 0.929948 0.432445 0.070312 0.127757
4 0.408073 0.197151 0.052604 0.045037
