5 0.473698 0.431526 0.163021 0.221507
5 0.413542 0.210478 0.059375 0.079044
0 0.353906 0.296875 0.064062 0.068015
0 0.152604 0.377298 0.095833 0.085478
0 0.051823 0.499540 0.102604 0.133272
0 0.830729 0.324449 0.044792 0.091912
0 0.972917 0.358915 0.054167 0.081801
3 0.467708 0.183364 0.016667 0.057904
3 0.901563 0.574908 0.044792 0.146140
4 0.883594 0.295037 0.042188 0.110294
4 0.599740 0.444853 0.082812 0.115809
0 0.505208 0.172794 0.031250 0.040441
0 0.558594 0.169118 0.032813 0.040441
0 0.814844 0.202206 0.024479 0.040441
4 0.716927 0.193474 0.028646 0.045037
