5 0.606250 0.219210 0.083333 0.144301
2 0.863542 0.602941 0.085417 0.194853
0 0.919531 0.405790 0.068229 0.129596
2 0.428385 0.217371 0.048438 0.048713
0 0.441667 0.751379 0.161458 0.247243
0 0.120833 0.399816 0.113542 0.088235
0 0.077083 0.362592 0.107292 0.079963
0 0.337760 0.314338 0.080729 0.073529
0 0.372135 0.222886 0.051562 0.045037
0 0.934635 0.267463 0.045312 0.064338
0 0.906771 0.217371 0.034375 0.046875
0 0.882292 0.173713 0.025000 0.038603
0 0.715885 0.195312 0.035937 0.054228
0 0.491927 0.202665 0.051562 0.065257
4 0.824740 0.274816 0.042188 0.071691
