6 0.856250 0.198989 0.038542 0.094669
2 0.894010 0.197610 0.025521 0.044118
0 0.956771 0.303309 0.042708 0.084559
0 0.836979 0.398897 0.052083 0.106618
0 0.541927 0.340533 0.066146 0.079963
0 0.275260 0.297794 0.078646 0.082721
0 0.436979 0.201746 0.043750 0.045037
0 0.654687 0.242188 0.042708 0.057904
0 0.418750 0.771140 0.172917 0.264706
4 0.203646 0.378676 0.118750 0.119485
4 0.439063 0.240809 0.060417 0.064338
4 0.518229 0.170037 0.035417 0.042279
0 0.607031 0.224724 0.033854 0.052390
2 0.704948 0.243566 0.035937 0.060662
