5 0.527865 0.176471 0.040104 0.058824
0 0.480729 0.192555 0.034375 0.039522
0 0.182031 0.346967 0.089063 0.079963
0 0.449479 0.506893 0.101042 0.120404
0 0.894531 0.330423 0.041146 0.076287
0 0.973177 0.358456 0.051562 0.080882
0 0.822656 0.253217 0.029687 0.048713
0 0.727083 0.181066 0.027083 0.031250
0 0.569271 0.157629 0.031250 0.037684
0 0.816406 0.170956 0.022396 0.036765
4 0.457552 0.234375 0.057813 0.064338
4 0.407031 0.207721 0.050521 0.051471
4 0.340625 0.290901 0.083333 0.083640
4 0.441927 0.383272 0.093229 0.102941
4 0.833073 0.401654 0.057813 0.106618
