5 0.619792 0.180607 0.050000 0.085478
4 0.880469 0.277574 0.044271 0.082721
4 0.920312 0.255515 0.037500 0.071691
4 0.418490 0.537224 0.134896 0.173713
4 0.282813 0.273438 0.079167 0.078125
4 0.720833 0.181526 0.026042 0.048713
0 0.667969 0.200827 0.032813 0.043199
4 0.655990 0.315717 0.060937 0.122243
0 0.834635 0.445312 0.059896 0.133272
0 0.820573 0.245864 0.032813 0.061581
0 0.810937 0.177849 0.020833 0.037684
0 0.847656 0.177849 0.024479 0.037684
0 0.509635 0.172335 0.033854 0.039522
0 0.335677 0.300092 0.081771 0.092831
