1 0.093750 0.428309 0.186458 0.314338
0 0.192188 0.353401 0.080208 0.078125
0 0.322135 0.320312 0.072396 0.072610
0 0.399479 0.264246 0.060417 0.059743
0 0.630990 0.380974 0.069271 0.083640
0 0.859635 0.754596 0.120313 0.306985
4 0.629948 0.261489 0.048438 0.061581
4 0.477604 0.218750 0.048958 0.055147
4 0.390104 0.207261 0.062500 0.083640
4 0.489323 0.178309 0.041146 0.042279
5 0.866406 0.244485 0.045312 0.079044
3 0.909375 0.262408 0.021875 0.063419
3 0.548177 0.265625 0.020313 0.069853
3 0.570573 0.286305 0.025521 0.057904
0 0.817448 0.185202 0.024479 0.041360
