5 0.469792 0.085938 0.055208 0.072610
6 0.414323 0.079504 0.094271 0.089154
0 0.420312 0.130515 0.058333 0.062500
0 0.327344 0.146140 0.055729 0.058824
0 0.130990 0.281710 0.104688 0.096507
0 0.315365 0.687960 0.189062 0.247243
0 0.541667 0.504596 0.115625 0.224265
0 0.471615 0.262868 0.071354 0.084559
0 0.577083 0.181526 0.050000 0.089154
0 0.534375 0.119026 0.034375 0.050551
4 0.743490 0.193474 0.047396 0.072610
4 0.881771 0.250919 0.058333 0.079044
4 0.191146 0.301930 0.108333 0.100184
0 0.928646 0.181526 0.035417 0.048713
3 0.801042 0.224265 0.031250 0.064338
4 0.634896 0.138327 0.037500 0.061581
