5 0.795052 0.187960 0.042188 0.072610
5 0.217188 0.197610 0.094792 0.134191
0 0.426563 0.209559 0.048958 0.060662
0 0.422135 0.098805 0.030729 0.035846
0 0.827865 0.474265 0.077604 0.143382
0 0.965885 0.596048 0.068229 0.181066
0 0.913281 0.187500 0.032813 0.045956
0 0.848958 0.127298 0.027083 0.028493
0 0.719792 0.114430 0.023958 0.034007
0 0.554948 0.100184 0.025521 0.034926
0 0.612760 0.087776 0.020313 0.034007
3 0.506250 0.119485 0.016667 0.049632
3 0.518229 0.198529 0.021875 0.068015
2 0.841146 0.292739 0.053125 0.087316
4 0.885677 0.250460 0.050521 0.079963
4 0.618750 0.193015 0.038542 0.068015
