5 0.898698 0.430607 0.053646 0.124081
0 0.926042 0.688879 0.097917 0.155331
0 0.834375 0.450368 0.043750 0.084559
0 0.528646 0.393382 0.044792 0.064338
0 0.576042 0.347426 0.036458 0.055147
0 0.366667 0.850184 0.150000 0.224265
0 0.280990 0.332721 0.063021 0.075368
0 0.398958 0.359835 0.055208 0.067096
0 0.326562 0.314798 0.047917 0.056066
0 0.372917 0.298713 0.037500 0.049632
0 0.396094 0.289062 0.044271 0.059743
0 0.518490 0.277574 0.035937 0.056985
0 0.810417 0.360754 0.035417 0.059743
4 0.226562 0.355699 0.083333 0.086397
4 0.158073 0.392004 0.081771 0.085478
4 0.173437 0.510570 0.127083 0.131434
4 0.627865 0.645221 0.095312 0.224265
3 0.436979 0.483915 0.040625 0.098346
3 0.644271 0.359375 0.023958 0.060662
3 0.623698 0.333640 0.015104 0.051471
