5 0.589844 0.423713 0.071354 0.150735
0 0.680208 0.400276 0.046875 0.087316
0 0.551042 0.368107 0.048958 0.072610
0 0.614844 0.745864 0.106771 0.159007
0 0.335677 0.914522 0.174479 0.170956
0 0.286458 0.334559 0.056250 0.071691
0 0.368750 0.299173 0.046875 0.052390
0 0.395052 0.282629 0.040104 0.057904
0 0.864844 0.534926 0.065104 0.117647
0 0.894531 0.451746 0.056771 0.081801
4 0.948698 0.507812 0.069271 0.166360
4 0.832292 0.413143 0.052083 0.125919
4 0.405469 0.522518 0.093229 0.127757
4 0.359375 0.374081 0.067708 0.077206
4 0.228906 0.352482 0.074479 0.087316
4 0.159896 0.392923 0.084375 0.089154
4 0.427865 0.310662 0.046354 0.068015
3 0.488802 0.439798 0.032813 0.078125
