5 0.667188 0.436581 0.061458 0.152574
0 0.879948 0.598346 0.073438 0.132353
0 0.969531 0.591452 0.060937 0.122243
0 0.971875 0.485754 0.056250 0.081801
0 0.867448 0.383272 0.040104 0.066176
0 0.597656 0.422335 0.051562 0.076287
0 0.553906 0.360294 0.042188 0.064338
0 0.286458 0.335938 0.056250 0.067096
4 0.635156 0.330423 0.043229 0.105699
4 0.824740 0.412224 0.041146 0.072610
4 0.509115 0.585478 0.089063 0.134191
4 0.226302 0.347426 0.073438 0.091912
4 0.158073 0.388327 0.089063 0.085478
3 0.082292 0.486673 0.047917 0.118566
2 0.592708 0.312500 0.031250 0.047794
0 0.515885 0.284467 0.032813 0.061581
