1 0.582031 0.312040 0.068229 0.125919
0 0.639323 0.547794 0.064062 0.104779
0 0.394531 0.582261 0.090104 0.113051
0 0.519010 0.563879 0.074479 0.114890
0 0.914583 0.683824 0.080208 0.139706
0 0.921094 0.491728 0.048438 0.088235
0 0.092708 0.558824 0.122917 0.119485
0 0.283854 0.336857 0.061458 0.059743
4 0.228646 0.351103 0.075000 0.084559
4 0.158594 0.393382 0.084896 0.086397
4 0.682031 0.388787 0.041146 0.068015
4 0.851562 0.489430 0.052083 0.102022
0 0.691667 0.339614 0.032292 0.037684
2 0.858594 0.365809 0.035937 0.053309
