5 0.470573 0.070772 0.044271 0.079044
0 0.258333 0.107996 0.064583 0.057904
0 0.359635 0.133272 0.045312 0.047794
0 0.069792 0.325827 0.120833 0.098346
0 0.579688 0.161765 0.029167 0.049632
0 0.629948 0.163143 0.028646 0.045037
0 0.737500 0.174632 0.031250 0.053309
0 0.731510 0.131434 0.028646 0.040441
0 0.815365 0.152574 0.027604 0.049632
0 0.934635 0.210018 0.039062 0.052390
0 0.885938 0.388787 0.062500 0.106618
0 0.785937 0.347426 0.055208 0.110294
4 0.789062 0.160846 0.029167 0.075368
4 0.480469 0.145680 0.047396 0.065257
2 0.326562 0.197610 0.062500 0.060662
3 0.233594 0.244485 0.035937 0.079044
2 0.104427 0.083180 0.069271 0.054228
