5 0.135156 0.819393 0.227604 0.361213
4 0.411458 0.735754 0.138542 0.249081
4 0.225781 0.347886 0.073438 0.072610
0 0.904948 0.452206 0.049479 0.088235
0 0.969531 0.606618 0.060937 0.115809
0 0.648177 0.551471 0.065104 0.113971
0 0.546354 0.507812 0.068750 0.090993
0 0.100260 0.555147 0.126562 0.132353
0 0.282031 0.327206 0.057813 0.058824
0 0.399479 0.351103 0.050000 0.058824
0 0.380208 0.295496 0.041667 0.045037
0 0.477604 0.306985 0.040625 0.047794
3 0.577865 0.342831 0.024479 0.064338
0 0.704427 0.322151 0.030729 0.054228
