5 0.775260 0.136489 0.032813 0.085478
0 0.746354 0.192096 0.034375 0.062500
0 0.607292 0.251838 0.042708 0.066176
0 0.622396 0.142923 0.029167 0.045037
0 0.641146 0.102482 0.020833 0.032169
0 0.605208 0.085018 0.022917 0.035846
0 0.543229 0.159007 0.037500 0.053309
0 0.392969 0.589614 0.129688 0.217831
0 0.108594 0.369485 0.119271 0.101103
0 0.720313 0.109835 0.020833 0.034007
2 0.512240 0.124081 0.032813 0.049632
2 0.482812 0.082721 0.027083 0.034926
2 0.369271 0.153493 0.047917 0.056985
4 0.400781 0.229320 0.071354 0.089154
4 0.167708 0.243107 0.101042 0.103860
