5 0.642448 0.332721 0.039062 0.095588
4 0.573698 0.323070 0.044271 0.052390
4 0.227865 0.351562 0.073438 0.070772
4 0.635417 0.606618 0.079167 0.139706
4 0.582031 0.462776 0.059896 0.103860
0 0.887500 0.426471 0.045833 0.080882
0 0.827865 0.414982 0.042188 0.079963
0 0.674479 0.429228 0.047917 0.084559
0 0.591406 0.376379 0.044271 0.059743
0 0.506510 0.432904 0.051562 0.084559
0 0.368750 0.613971 0.096875 0.128676
0 0.395833 0.813879 0.150000 0.221507
0 0.235937 0.410386 0.075000 0.076287
0 0.380208 0.297335 0.045833 0.054228
0 0.278125 0.333180 0.064583 0.065257
