5 0.501563 0.587316 0.105208 0.240809
4 0.443490 0.491728 0.077604 0.101103
4 0.624740 0.678768 0.092188 0.173713
4 0.227865 0.346048 0.071354 0.068934
4 0.551562 0.368566 0.047917 0.066176
4 0.590365 0.398438 0.053646 0.116728
0 0.665885 0.403493 0.044271 0.069853
0 0.313542 0.697610 0.126042 0.145221
0 0.274740 0.389246 0.064062 0.072610
0 0.282813 0.332261 0.056250 0.063419
0 0.380469 0.298254 0.049479 0.056066
0 0.697396 0.332261 0.029167 0.045037
3 0.538021 0.452206 0.031250 0.091912
0 0.891146 0.444853 0.050000 0.073529
0 0.831250 0.435662 0.043750 0.071691
