3 0.938542 0.413603 0.028125 0.069853
0 0.842187 0.435662 0.056250 0.079044
0 0.481771 0.686121 0.109375 0.153493
0 0.530469 0.388787 0.054688 0.071691
0 0.398698 0.285846 0.036979 0.053309
0 0.372917 0.299632 0.051042 0.064338
0 0.284115 0.335938 0.066146 0.068934
2 0.475521 0.306985 0.044792 0.060662
0 0.592187 0.330423 0.035417 0.059743
4 0.650260 0.468290 0.061979 0.102022
4 0.642188 0.588235 0.090625 0.215074
4 0.227865 0.348346 0.077604 0.095588
4 0.157292 0.392463 0.089583 0.093750
3 0.314844 0.859835 0.072396 0.204963
5 0.851042 0.332261 0.050000 0.089154
