5 0.433594 0.305607 0.064062 0.105699
0 0.244271 0.391544 0.071875 0.066176
0 0.287240 0.337776 0.057813 0.070772
0 0.396354 0.560662 0.087500 0.108456
0 0.563802 0.336397 0.038021 0.056985
0 0.642708 0.328125 0.034375 0.047794
0 0.825521 0.393382 0.035417 0.069853
4 0.230208 0.352941 0.075000 0.073529
4 0.160417 0.393842 0.091667 0.094669
4 0.552865 0.477482 0.055729 0.133272
4 0.669531 0.411765 0.047396 0.073529
4 0.694531 0.329963 0.030729 0.066176
4 0.851042 0.367188 0.034375 0.057904
4 0.918490 0.399357 0.042188 0.068934
3 0.227865 0.447151 0.033854 0.089154
3 0.561458 0.369026 0.015625 0.054228
