5 0.933073 0.400276 0.075521 0.151654
0 0.913281 0.504596 0.059896 0.099265
0 0.900521 0.631893 0.097917 0.175551
0 0.603906 0.677390 0.093229 0.161765
0 0.428125 0.740809 0.119792 0.176471
0 0.579167 0.394761 0.053125 0.090993
0 0.630990 0.359835 0.046354 0.074449
0 0.690885 0.353401 0.038021 0.057904
0 0.284896 0.337316 0.059375 0.077206
0 0.495052 0.293658 0.040104 0.057904
3 0.339323 0.347886 0.032813 0.070772
3 0.550260 0.345588 0.019271 0.069853
3 0.631771 0.295956 0.016667 0.036765
4 0.160156 0.382353 0.088021 0.088235
4 0.226562 0.338235 0.086458 0.101103
