5 0.851302 0.535386 0.107813 0.210478
0 0.809635 0.232077 0.041146 0.078125
0 0.973958 0.216912 0.040625 0.051471
0 0.916406 0.188419 0.035937 0.047794
0 0.375260 0.264706 0.071354 0.075368
0 0.479167 0.084099 0.029167 0.041360
0 0.551823 0.090993 0.027604 0.034926
0 0.596354 0.092371 0.026042 0.030331
0 0.640104 0.108456 0.022917 0.038603
4 0.839583 0.189338 0.035417 0.055147
4 0.756250 0.218290 0.041667 0.105699
4 0.727344 0.125919 0.027604 0.038603
2 0.745833 0.164982 0.026042 0.052390
2 0.508594 0.137408 0.041146 0.054228
3 0.096094 0.263327 0.034896 0.081801
