5 0.970833 0.579963 0.058333 0.209559
5 0.116146 0.808364 0.220833 0.383272
0 0.570833 0.737592 0.102083 0.170037
0 0.661979 0.451746 0.058333 0.087316
0 0.892969 0.441176 0.050521 0.075368
0 0.575781 0.343290 0.041146 0.057904
0 0.691146 0.341452 0.035417 0.054228
0 0.650521 0.321232 0.030208 0.048713
0 0.285677 0.331801 0.057813 0.062500
4 0.856510 0.497243 0.060937 0.117647
4 0.229167 0.351103 0.079167 0.091912
4 0.158333 0.387408 0.085417 0.085478
3 0.496094 0.450368 0.042188 0.099265
3 0.368750 0.335938 0.028125 0.074449
