5 0.863021 0.356618 0.040625 0.110294
3 0.382552 0.583180 0.043229 0.116728
3 0.908333 0.362592 0.015625 0.048713
4 0.227604 0.349265 0.079167 0.068015
0 0.159896 0.389246 0.087500 0.085478
0 0.285417 0.337776 0.055208 0.059743
0 0.418490 0.347886 0.047396 0.068934
0 0.469531 0.307904 0.043229 0.058824
0 0.391667 0.290441 0.042708 0.055147
0 0.594531 0.426011 0.050521 0.078125
0 0.639062 0.357077 0.034375 0.061581
0 0.698958 0.341452 0.033333 0.057904
0 0.611719 0.296415 0.031771 0.050551
0 0.545833 0.377757 0.059375 0.071691
0 0.878906 0.588235 0.080729 0.161765
3 0.656250 0.294577 0.019792 0.041360
