6 0.578906 0.137408 0.049479 0.109375
5 0.790104 0.167739 0.035417 0.061581
0 0.839063 0.306526 0.054167 0.079963
0 0.904687 0.176011 0.035417 0.046875
0 0.748177 0.202665 0.042188 0.063419
0 0.550781 0.469210 0.086979 0.159007
0 0.246875 0.896140 0.204167 0.207721
0 0.064844 0.574908 0.128646 0.188419
4 0.416667 0.096507 0.041667 0.047794
4 0.450521 0.193474 0.047917 0.065257
4 0.614583 0.210938 0.046875 0.076287
4 0.634115 0.124081 0.028646 0.045956
3 0.875000 0.233456 0.023958 0.066176
2 0.936719 0.170037 0.024479 0.044118
