5 0.925781 0.391085 0.049479 0.090993
6 0.889583 0.328585 0.046875 0.094669
0 0.854167 0.369485 0.036458 0.060662
0 0.879167 0.425551 0.038542 0.053309
0 0.875000 0.567555 0.079167 0.122243
0 0.631771 0.501379 0.056250 0.085478
0 0.680208 0.369485 0.037500 0.069853
0 0.705469 0.321232 0.032813 0.054228
0 0.819792 0.392923 0.038542 0.068934
0 0.392969 0.320772 0.045312 0.051471
0 0.394010 0.292279 0.038021 0.047794
0 0.284115 0.332261 0.057813 0.061581
4 0.618750 0.372243 0.056250 0.121324
4 0.228906 0.351103 0.075521 0.077206
4 0.155469 0.391085 0.085938 0.085478
3 0.263021 0.375460 0.029167 0.078125
3 0.393490 0.351562 0.022396 0.065257
