5 0.913021 0.452206 0.081250 0.159926
0 0.867708 0.558364 0.063542 0.105699
0 0.615625 0.608915 0.078125 0.120404
0 0.548177 0.478860 0.058854 0.080882
0 0.494271 0.301471 0.034375 0.049632
0 0.282813 0.331801 0.057292 0.055147
0 0.148698 0.401654 0.077604 0.064338
0 0.828906 0.369945 0.032813 0.067096
0 0.903906 0.360754 0.035937 0.063419
4 0.976823 0.471967 0.046354 0.094669
4 0.676302 0.380515 0.043229 0.071691
4 0.228646 0.350643 0.076042 0.078125
2 0.392969 0.583180 0.094271 0.116728
3 0.603385 0.456342 0.030729 0.090993
