1 0.474479 0.070312 0.061458 0.076287
0 0.428125 0.090533 0.038542 0.039522
2 0.347396 0.139706 0.058333 0.062500
2 0.188281 0.244485 0.078646 0.088235
2 0.884115 0.461397 0.089063 0.158088
2 0.545573 0.153952 0.036979 0.054228
0 0.469010 0.165901 0.056771 0.067096
0 0.615625 0.096507 0.028125 0.047794
0 0.737760 0.135110 0.032813 0.053309
0 0.825781 0.177849 0.038021 0.054228
0 0.909635 0.176471 0.029687 0.047794
0 0.975781 0.211857 0.044271 0.054228
3 0.601823 0.247702 0.027604 0.074449
4 0.397656 0.562500 0.151562 0.275735
