5 0.567448 0.429228 0.088021 0.174632
0 0.171094 0.886949 0.188021 0.226103
0 0.284896 0.337316 0.053125 0.056985
0 0.379167 0.299173 0.043750 0.052390
0 0.489583 0.298254 0.036458 0.041360
0 0.588802 0.314798 0.031771 0.048713
0 0.679688 0.411765 0.045833 0.071691
0 0.838542 0.471507 0.047917 0.080882
0 0.700260 0.318015 0.031771 0.047794
0 0.651823 0.318015 0.027604 0.040441
4 0.625260 0.664062 0.088021 0.171875
4 0.928125 0.467831 0.068750 0.148897
4 0.229167 0.351562 0.082292 0.070772
3 0.293750 0.384651 0.025000 0.085478
