6 0.595313 0.288143 0.065625 0.127757
5 0.700521 0.302849 0.050000 0.103860
3 0.665625 0.285386 0.018750 0.037684
3 0.514583 0.386489 0.028125 0.100184
3 0.350521 0.572610 0.048958 0.125000
0 0.655469 0.437040 0.059896 0.094669
0 0.873698 0.579504 0.065104 0.129596
0 0.865365 0.475184 0.059896 0.095588
0 0.958073 0.458180 0.058854 0.102022
0 0.896875 0.434743 0.054167 0.108456
0 0.284896 0.333640 0.059375 0.071691
0 0.099479 0.543658 0.137500 0.153493
4 0.323177 0.399357 0.078646 0.094669
4 0.227604 0.351103 0.080208 0.084559
2 0.814063 0.381434 0.035417 0.066176
