5 0.782292 0.154871 0.040625 0.089154
0 0.839844 0.185662 0.036979 0.066176
0 0.905729 0.425551 0.076042 0.117647
0 0.882031 0.608915 0.119271 0.249081
0 0.529167 0.279871 0.058333 0.085478
0 0.539844 0.150276 0.032813 0.052390
0 0.623698 0.158088 0.034896 0.055147
0 0.875521 0.150735 0.026042 0.044118
0 0.985417 0.221507 0.029167 0.053309
4 0.928125 0.165441 0.031250 0.053309
4 0.224740 0.209099 0.082812 0.087316
4 0.133073 0.462316 0.170313 0.174632
2 0.303906 0.216452 0.060937 0.074449
2 0.406250 0.092371 0.035417 0.037684
4 0.542448 0.091452 0.031771 0.052390
4 0.733854 0.142923 0.029167 0.065257
4 0.763542 0.225184 0.040625 0.071691
3 0.952865 0.165901 0.013021 0.048713
