5 0.617188 0.337316 0.045833 0.097426
0 0.531771 0.394301 0.048958 0.084559
0 0.416927 0.530331 0.077604 0.099265
0 0.396094 0.289982 0.039062 0.052390
0 0.374219 0.300551 0.039062 0.051471
0 0.284375 0.335938 0.063542 0.074449
0 0.855990 0.508732 0.064062 0.107537
0 0.932552 0.740809 0.125521 0.226103
0 0.901823 0.465074 0.048438 0.088235
0 0.921875 0.393382 0.042708 0.062500
4 0.826042 0.413603 0.050000 0.086397
4 0.229427 0.356158 0.077604 0.081801
4 0.155729 0.393382 0.086458 0.097426
4 0.081250 0.561581 0.159375 0.152574
0 0.688281 0.346967 0.046354 0.078125
4 0.449479 0.291360 0.046875 0.062500
3 0.476562 0.447151 0.039583 0.094669
3 0.247917 0.434283 0.039583 0.096507
