5 0.458073 0.465533 0.078646 0.129596
4 0.563542 0.463695 0.072917 0.146140
4 0.229948 0.352022 0.072396 0.102941
4 0.158073 0.386949 0.092188 0.088235
4 0.423698 0.789982 0.147396 0.247243
4 0.689844 0.330423 0.036979 0.056066
0 0.602083 0.878676 0.126042 0.207721
0 0.572917 0.344210 0.035417 0.057904
0 0.286458 0.335938 0.060417 0.074449
0 0.903385 0.470129 0.048438 0.085478
0 0.852344 0.481618 0.059896 0.113971
0 0.950521 0.448070 0.055208 0.081801
0 0.684375 0.381434 0.038542 0.058824
2 0.455208 0.292279 0.042708 0.071691
3 0.508594 0.401654 0.032813 0.069853
