6 0.318229 0.331801 0.072917 0.134191
0 0.349479 0.401654 0.068750 0.099265
0 0.372656 0.300551 0.050521 0.068015
0 0.396354 0.286305 0.048958 0.063419
0 0.274219 0.335018 0.053646 0.074449
0 0.598177 0.438879 0.053646 0.090993
0 0.927604 0.415441 0.052083 0.071691
4 0.960677 0.559743 0.077604 0.121324
4 0.898177 0.581801 0.075521 0.126838
4 0.829427 0.437960 0.049479 0.094669
4 0.638802 0.569393 0.085938 0.125919
4 0.499219 0.443015 0.067187 0.091912
4 0.228385 0.346507 0.075521 0.091912
4 0.157552 0.390165 0.091146 0.094669
3 0.077344 0.491268 0.056771 0.125919
