5 0.908073 0.367647 0.047396 0.093750
0 0.924740 0.493107 0.057813 0.090993
0 0.832031 0.436121 0.055729 0.103860
0 0.855729 0.365349 0.036458 0.057904
0 0.586458 0.431066 0.054167 0.073529
0 0.265104 0.446691 0.077083 0.095588
0 0.286198 0.336397 0.059896 0.071691
0 0.638021 0.341452 0.044792 0.074449
4 0.684896 0.357537 0.038542 0.112132
4 0.658073 0.478401 0.058854 0.109375
4 0.531771 0.544577 0.090625 0.138787
4 0.230208 0.352022 0.075000 0.095588
4 0.160156 0.392923 0.084896 0.103860
3 0.926562 0.585478 0.034375 0.112132
