5 0.890625 0.395680 0.056250 0.125919
0 0.934375 0.412224 0.044792 0.070772
0 0.829688 0.427849 0.060417 0.081801
0 0.936458 0.703585 0.113542 0.197610
0 0.651302 0.513787 0.055729 0.106618
0 0.571875 0.473805 0.060417 0.092831
0 0.240885 0.783088 0.164062 0.205882
0 0.573958 0.841452 0.128125 0.241728
0 0.673958 0.400735 0.040625 0.075368
0 0.594271 0.313879 0.030208 0.054228
0 0.451823 0.329044 0.049479 0.068015
0 0.444531 0.302390 0.044271 0.051471
0 0.393229 0.293658 0.042708 0.054228
0 0.284635 0.333640 0.060937 0.073529
4 0.229687 0.353401 0.078125 0.085478
4 0.159635 0.394761 0.091146 0.100184
4 0.570833 0.252298 0.030208 0.045037
4 0.691667 0.361213 0.039583 0.069853
4 0.622917 0.367647 0.054167 0.086397
3 0.369792 0.532629 0.053125 0.114890
3 0.259896 0.377757 0.039583 0.086397
3 0.043490 0.511029 0.047396 0.119485
