5 0.464062 0.613511 0.110417 0.232537
4 0.660417 0.480699 0.063542 0.104779
4 0.564844 0.910846 0.139063 0.165441
4 0.227865 0.353860 0.077604 0.093750
4 0.157552 0.391544 0.086979 0.082721
4 0.617969 0.367647 0.042188 0.066176
0 0.889583 0.412224 0.041667 0.065257
0 0.947396 0.545956 0.065625 0.102941
0 0.852344 0.495864 0.057813 0.089154
0 0.548438 0.495404 0.067708 0.102941
0 0.283333 0.331801 0.058333 0.062500
5 0.898177 0.619945 0.088021 0.168199
3 0.346354 0.573529 0.047917 0.148897
3 0.140885 0.933364 0.077604 0.133272
3 0.560937 0.367647 0.029167 0.071691
4 0.827344 0.380515 0.042188 0.119485
3 0.955208 0.420496 0.027083 0.072610
4 0.698177 0.328585 0.042188 0.100184
