1 0.654687 0.296875 0.050000 0.088235
0 0.602865 0.309743 0.035937 0.038603
0 0.654948 0.511949 0.058854 0.095588
0 0.363802 0.622243 0.094271 0.126838
0 0.811198 0.371324 0.044271 0.071691
0 0.547656 0.271599 0.027604 0.045037
0 0.630208 0.267463 0.032292 0.047794
0 0.711198 0.278033 0.029687 0.046875
0 0.286458 0.334099 0.056250 0.063419
0 0.858854 0.362592 0.031250 0.052390
0 0.896615 0.350184 0.034896 0.058824
0 0.863802 0.413143 0.048438 0.074449
4 0.667969 0.388787 0.050521 0.071691
4 0.556250 0.608915 0.113542 0.168199
4 0.576562 0.328585 0.045833 0.079963
4 0.708854 0.307904 0.032292 0.053309
4 0.233594 0.346048 0.080729 0.087316
4 0.159896 0.385570 0.092708 0.094669
2 0.226823 0.425092 0.086979 0.100184
3 0.682552 0.321691 0.025521 0.060662
