6 0.915104 0.371783 0.061458 0.122243
0 0.912500 0.477941 0.054167 0.102941
0 0.928646 0.783088 0.109375 0.202206
0 0.619271 0.644761 0.084375 0.149816
0 0.488802 0.634191 0.090104 0.128676
0 0.235156 0.774816 0.161979 0.185662
0 0.516406 0.397978 0.059896 0.079044
0 0.696615 0.347426 0.038021 0.064338
0 0.829167 0.424173 0.044792 0.076287
0 0.860417 0.381434 0.042708 0.073529
0 0.420833 0.298254 0.042708 0.046875
0 0.285156 0.331801 0.067187 0.060662
0 0.519010 0.279412 0.038021 0.051471
0 0.451302 0.322151 0.049479 0.061581
4 0.228125 0.346048 0.080208 0.076287
4 0.157552 0.390625 0.082812 0.080882
4 0.617969 0.354320 0.044271 0.070772
3 0.269010 0.933364 0.057813 0.133272
