6 0.910156 0.439798 0.064062 0.140625
5 0.632552 0.321232 0.055729 0.125919
4 0.857812 0.533548 0.076042 0.173713
4 0.229167 0.356158 0.077083 0.081801
4 0.153125 0.395221 0.083333 0.090074
4 0.704688 0.302849 0.034375 0.056066
0 0.691667 0.336857 0.033333 0.052390
0 0.602604 0.299632 0.032292 0.042279
0 0.568490 0.345129 0.048438 0.059743
0 0.503906 0.622702 0.096354 0.140625
0 0.603385 0.737132 0.106771 0.158088
0 0.904427 0.370864 0.032813 0.052390
0 0.284115 0.330423 0.061979 0.070772
0 0.345833 0.311121 0.042708 0.061581
0 0.372135 0.294118 0.044271 0.060662
0 0.395313 0.286305 0.042708 0.052390
2 0.840365 0.404871 0.040104 0.070772
0 0.950781 0.752757 0.098437 0.213235
