5 0.728385 0.119026 0.030729 0.052390
5 0.515365 0.270221 0.080729 0.141544
0 0.565885 0.550092 0.098437 0.155331
0 0.367448 0.439338 0.105729 0.123162
0 0.391146 0.240349 0.061458 0.072610
0 0.197135 0.300092 0.094271 0.085478
0 0.427083 0.122243 0.039583 0.056985
0 0.385937 0.113971 0.036458 0.040441
0 0.527344 0.122702 0.030729 0.043199
0 0.839063 0.190257 0.035417 0.064338
0 0.915365 0.188419 0.036979 0.053309
0 0.884115 0.136029 0.028646 0.031250
0 0.804688 0.205882 0.041667 0.068015
0 0.739062 0.177849 0.035417 0.054228
3 0.583594 0.087316 0.013021 0.040441
