5 0.598177 0.375919 0.068229 0.158088
3 0.476562 0.453125 0.039583 0.097426
3 0.623958 0.468290 0.028125 0.079963
3 0.949219 0.462776 0.030729 0.070772
0 0.946094 0.566176 0.067187 0.112132
0 0.866146 0.465074 0.050000 0.080882
0 0.645312 0.537224 0.060417 0.109375
0 0.467448 0.675551 0.111979 0.137868
0 0.516146 0.282629 0.032292 0.052390
4 0.485677 0.266544 0.036979 0.060662
0 0.396615 0.292279 0.038021 0.051471
0 0.376042 0.301930 0.038542 0.054228
0 0.344792 0.311121 0.043750 0.059743
0 0.284115 0.336857 0.059896 0.065257
4 0.228385 0.352941 0.075521 0.080882
4 0.158333 0.392463 0.077083 0.099265
4 0.875781 0.581801 0.084896 0.180147
2 0.687760 0.357077 0.035937 0.057904
