5 0.433073 0.453125 0.101562 0.187500
0 0.328906 0.369485 0.058854 0.088235
0 0.547656 0.514246 0.082812 0.107537
0 0.870313 0.557445 0.065625 0.122243
0 0.958333 0.903033 0.082292 0.193934
0 0.908594 0.473346 0.053646 0.090074
0 0.654427 0.314338 0.032813 0.044118
0 0.466146 0.284467 0.036458 0.048713
0 0.396615 0.295496 0.045312 0.050551
0 0.360938 0.303309 0.041667 0.058824
0 0.281771 0.330423 0.055208 0.070772
4 0.230208 0.349724 0.075000 0.089154
4 0.156771 0.390625 0.088542 0.088235
4 0.430208 0.759191 0.145833 0.242647
4 0.671875 0.445312 0.057292 0.090993
4 0.615625 0.380974 0.051042 0.079963
0 0.591146 0.318474 0.033333 0.048713
2 0.831250 0.435662 0.045833 0.084559
