1 0.888281 0.328125 0.048438 0.082721
0 0.857552 0.364890 0.029687 0.047794
0 0.824219 0.410846 0.039062 0.068015
0 0.806771 0.364430 0.031250 0.050551
0 0.847396 0.494945 0.054167 0.102022
0 0.917708 0.707261 0.098958 0.173713
0 0.437500 0.784926 0.113542 0.181985
0 0.383073 0.595588 0.088021 0.126838
0 0.650260 0.531250 0.060937 0.097426
0 0.558333 0.474265 0.052083 0.080882
0 0.673438 0.401195 0.034375 0.057904
0 0.695052 0.351562 0.030729 0.050551
0 0.630208 0.358456 0.039583 0.064338
0 0.421875 0.306066 0.040625 0.056985
0 0.379167 0.293658 0.044792 0.050551
0 0.284896 0.334099 0.052083 0.057904
0 0.698438 0.319393 0.028125 0.043199
3 0.465104 0.272978 0.015625 0.044118
3 0.589583 0.342371 0.021875 0.056066
4 0.227865 0.351562 0.076563 0.074449
4 0.966667 0.532629 0.066667 0.109375
