6 0.869010 0.298254 0.047396 0.089154
0 0.904687 0.646599 0.092708 0.171875
0 0.891146 0.432445 0.046875 0.070772
0 0.673177 0.420956 0.042188 0.073529
0 0.483333 0.443474 0.060417 0.081801
0 0.226823 0.465074 0.083854 0.090074
0 0.287500 0.336857 0.066667 0.063419
0 0.662760 0.295037 0.024479 0.042279
4 0.697396 0.331801 0.037500 0.060662
4 0.843229 0.462776 0.050000 0.103860
4 0.228646 0.349724 0.079167 0.081801
4 0.156510 0.385110 0.084896 0.097426
4 0.640365 0.487592 0.065104 0.105699
3 0.467448 0.617647 0.053646 0.110294
