5 0.937240 0.326287 0.077604 0.154412
0 0.812500 0.250919 0.038542 0.071691
0 0.972396 0.238971 0.050000 0.079044
0 0.819531 0.164522 0.030729 0.044118
0 0.580990 0.142923 0.034896 0.050551
0 0.471354 0.799632 0.146875 0.290441
0 0.629948 0.124540 0.024479 0.054228
0 0.386979 0.243107 0.063542 0.068934
0 0.754427 0.111213 0.023438 0.042279
3 0.917969 0.176930 0.019271 0.052390
4 0.619010 0.222426 0.042188 0.068015
4 0.500260 0.139246 0.044271 0.057904
0 0.840625 0.115809 0.025000 0.033088
0 0.869792 0.115809 0.027083 0.049632
