5 0.347396 0.420496 0.130208 0.204963
4 0.839063 0.482996 0.096875 0.247243
4 0.960417 0.583640 0.079167 0.202206
4 0.589583 0.197151 0.041667 0.083640
0 0.098437 0.510570 0.158333 0.155331
0 0.450521 0.184743 0.044792 0.064338
0 0.280208 0.192555 0.072917 0.074449
0 0.746875 0.210478 0.039583 0.064338
0 0.788281 0.194853 0.040104 0.068015
0 0.860156 0.221507 0.042188 0.064338
0 0.931771 0.203585 0.046875 0.065257
4 0.630469 0.140165 0.034896 0.090993
4 0.579427 0.153033 0.040104 0.057904
4 0.399479 0.146140 0.045833 0.066176
