5 0.850781 0.295496 0.073438 0.166360
4 0.771094 0.272059 0.056771 0.137868
4 0.559635 0.238051 0.057813 0.117647
2 0.634375 0.132812 0.031250 0.048713
2 0.557292 0.122243 0.025000 0.044118
0 0.609375 0.097886 0.025000 0.034007
0 0.455208 0.103401 0.031250 0.039522
0 0.457292 0.188879 0.053125 0.063419
0 0.356250 0.272978 0.076042 0.079044
0 0.303125 0.176471 0.058333 0.064338
0 0.244010 0.105699 0.079687 0.066176
3 0.141927 0.286305 0.040104 0.083640
4 0.550260 0.088695 0.027604 0.032169
0 0.890885 0.146140 0.028646 0.038603
