1 0.617969 0.325368 0.064062 0.123162
0 0.432292 0.535846 0.077083 0.115809
0 0.481510 0.683824 0.100521 0.154412
0 0.904167 0.623621 0.082292 0.149816
0 0.841667 0.453585 0.055208 0.085478
0 0.855990 0.367188 0.034896 0.046875
0 0.282813 0.335938 0.063542 0.074449
0 0.371615 0.302849 0.048438 0.059743
0 0.395833 0.288143 0.043750 0.052390
0 0.447135 0.289982 0.034896 0.052390
4 0.482812 0.301471 0.048958 0.068015
4 0.231771 0.355699 0.084375 0.080882
4 0.158594 0.392923 0.093229 0.089154
3 0.649740 0.431066 0.038021 0.079044
