5 0.952344 0.529871 0.095312 0.214154
0 0.879687 0.403493 0.050000 0.086397
0 0.863542 0.566636 0.071875 0.127757
4 0.840885 0.459559 0.057813 0.097426
0 0.523698 0.574449 0.079687 0.115809
0 0.444010 0.505974 0.076563 0.107537
0 0.113281 0.892923 0.225521 0.208640
0 0.283073 0.339614 0.064062 0.074449
0 0.371875 0.297794 0.043750 0.055147
0 0.395052 0.281250 0.046354 0.060662
0 0.531510 0.385110 0.048438 0.069853
0 0.699479 0.336397 0.039583 0.044118
0 0.659115 0.319853 0.032813 0.049632
4 0.957031 0.874540 0.085938 0.236213
4 0.157292 0.389706 0.087500 0.086397
4 0.226823 0.348805 0.075521 0.103860
3 0.591406 0.366268 0.032813 0.068934
3 0.648698 0.370404 0.027604 0.058824
3 0.623698 0.316636 0.021354 0.052390
2 0.680208 0.391544 0.044792 0.077206
