5 0.260417 0.693015 0.262500 0.408088
0 0.169531 0.509651 0.094271 0.114890
0 0.148698 0.400276 0.076563 0.079963
0 0.283854 0.340074 0.061458 0.066176
0 0.469271 0.309743 0.038542 0.058824
0 0.560417 0.330882 0.036458 0.058824
0 0.613542 0.384191 0.038542 0.058824
0 0.856250 0.502298 0.052083 0.087316
0 0.896094 0.448070 0.041146 0.079963
0 0.976302 0.625919 0.047396 0.130515
0 0.957031 0.853860 0.085938 0.222426
4 0.616146 0.581801 0.079167 0.137868
4 0.225781 0.353401 0.077604 0.081801
3 0.654167 0.391085 0.023958 0.072610
0 0.821875 0.393382 0.035417 0.069853
