6 0.931771 0.459099 0.064583 0.140625
0 0.886198 0.605699 0.075521 0.126838
0 0.440625 0.480239 0.070833 0.090993
0 0.284896 0.337776 0.060417 0.070772
0 0.617188 0.365809 0.042708 0.066176
0 0.678906 0.403952 0.042188 0.068934
0 0.807552 0.360754 0.035937 0.045037
0 0.862500 0.369485 0.034375 0.055147
4 0.833073 0.441176 0.057813 0.090074
4 0.636979 0.596507 0.078125 0.139706
4 0.519271 0.403952 0.057292 0.089154
4 0.228906 0.353401 0.074479 0.085478
4 0.158073 0.394301 0.081771 0.088235
4 0.404427 0.825368 0.151562 0.253676
3 0.490104 0.901195 0.064583 0.197610
3 0.557292 0.659007 0.038542 0.136029
