5 0.769531 0.122702 0.039062 0.072610
0 0.730729 0.151195 0.027083 0.046875
0 0.526563 0.209559 0.050000 0.062500
0 0.458594 0.178309 0.048438 0.053309
0 0.369792 0.166820 0.051042 0.052390
0 0.206771 0.397518 0.111458 0.127757
0 0.532552 0.112592 0.031771 0.039522
4 0.643490 0.090993 0.021354 0.034926
4 0.753125 0.224724 0.040625 0.070772
4 0.817187 0.415441 0.078125 0.227941
4 0.957552 0.532169 0.084896 0.306985
4 0.607031 0.103860 0.028646 0.042279
0 0.439583 0.078585 0.031250 0.037684
2 0.368490 0.125919 0.045312 0.042279
3 0.427083 0.119026 0.017708 0.046875
3 0.255469 0.182904 0.025521 0.068015
