6 0.905990 0.366268 0.043229 0.102022
0 0.828385 0.454504 0.051562 0.076287
0 0.961198 0.849724 0.076563 0.230699
0 0.664323 0.477482 0.052604 0.078125
0 0.538802 0.500460 0.066146 0.085478
0 0.525000 0.397978 0.046875 0.066176
0 0.244271 0.813419 0.144792 0.180147
0 0.221875 0.465074 0.081250 0.095588
0 0.144010 0.396599 0.083854 0.072610
0 0.283073 0.335478 0.056771 0.055147
0 0.383594 0.298713 0.042188 0.047794
0 0.406510 0.316176 0.044271 0.049632
4 0.228646 0.347886 0.075000 0.078125
4 0.689583 0.339614 0.032292 0.070772
0 0.488021 0.290441 0.038542 0.047794
0 0.608594 0.299173 0.025521 0.045037
