5 0.850260 0.354779 0.040104 0.071691
4 0.913281 0.376379 0.040104 0.079963
4 0.610677 0.299632 0.032813 0.053309
4 0.229427 0.354320 0.080729 0.078125
4 0.156510 0.393382 0.084896 0.082721
0 0.885677 0.606158 0.073438 0.140625
0 0.840365 0.452206 0.058854 0.104779
0 0.692969 0.339154 0.039062 0.068015
0 0.528906 0.277114 0.030729 0.046875
0 0.486719 0.277574 0.032813 0.049632
0 0.393750 0.289522 0.039583 0.062500
0 0.284896 0.339614 0.056250 0.070772
0 0.303125 0.420037 0.073958 0.080882
3 0.602083 0.339614 0.022917 0.054228
