4 0.524219 0.491728 0.114062 0.183824
5 0.519010 0.233456 0.092188 0.185662
0 0.822135 0.469210 0.088021 0.149816
0 0.615625 0.261949 0.048958 0.077206
0 0.748698 0.210018 0.042188 0.068934
0 0.430208 0.209559 0.057292 0.066176
0 0.361719 0.171415 0.055729 0.061581
0 0.276562 0.175551 0.065625 0.068015
0 0.067969 0.565257 0.134896 0.205882
0 0.920312 0.188419 0.037500 0.055147
3 0.818490 0.241268 0.032813 0.072610
0 0.634115 0.144761 0.032813 0.059743
0 0.597917 0.117647 0.034375 0.060662
4 0.446354 0.107537 0.042708 0.045956
