6 0.911979 0.361673 0.065625 0.142463
0 0.946615 0.550551 0.074479 0.101103
0 0.623437 0.665901 0.095833 0.129596
0 0.482552 0.542279 0.076563 0.102941
0 0.447656 0.332261 0.045312 0.059743
0 0.285677 0.335938 0.058854 0.057904
0 0.818750 0.393382 0.038542 0.068015
3 0.880990 0.499540 0.025521 0.089154
4 0.876302 0.585018 0.084896 0.146140
4 0.663802 0.422794 0.049479 0.095588
4 0.614583 0.397059 0.056250 0.080882
4 0.525000 0.389706 0.058333 0.088235
4 0.439063 0.811581 0.171875 0.340074
4 0.229687 0.352941 0.077083 0.073529
4 0.155208 0.388787 0.083333 0.079044
3 0.241406 0.388327 0.026562 0.070772
3 0.128646 0.462316 0.036458 0.108456
4 0.686719 0.357537 0.043229 0.086397
0 0.841406 0.352022 0.039062 0.055147
