6 0.849740 0.329044 0.040104 0.082721
0 0.823438 0.399357 0.047917 0.078125
0 0.879948 0.597886 0.074479 0.122243
0 0.667969 0.460018 0.050521 0.072610
0 0.156250 0.874540 0.188542 0.219669
0 0.283333 0.336857 0.061458 0.059743
0 0.447135 0.278952 0.036979 0.052390
0 0.550260 0.363051 0.043229 0.068015
0 0.706250 0.309283 0.030208 0.043199
3 0.552344 0.439338 0.023438 0.073529
3 0.520312 0.507812 0.036458 0.098346
4 0.227604 0.352022 0.069792 0.082721
4 0.158854 0.388327 0.088542 0.079963
2 0.615365 0.412224 0.046354 0.078125
