1 0.953646 0.164062 0.086458 0.118566
3 0.979688 0.239890 0.017708 0.068015
3 0.226042 0.193015 0.027083 0.068015
4 0.843229 0.200368 0.039583 0.064338
4 0.572917 0.437500 0.085417 0.198529
4 0.089323 0.488051 0.177604 0.235294
4 0.228385 0.248621 0.100521 0.085478
4 0.469271 0.163603 0.052083 0.073529
4 0.544010 0.107077 0.031771 0.046875
4 0.627083 0.153952 0.035417 0.045037
4 0.640625 0.071232 0.021875 0.057904
4 0.728125 0.134191 0.029167 0.055147
0 0.783073 0.161765 0.027604 0.047794
0 0.838281 0.472426 0.079687 0.156250
0 0.917448 0.302849 0.071354 0.111213
0 0.843229 0.114430 0.023958 0.039522
0 0.584115 0.081342 0.024479 0.035846
0 0.350260 0.129596 0.041146 0.045956
4 0.463021 0.079504 0.037500 0.067096
