5 0.655729 0.365809 0.063542 0.110294
0 0.661719 0.465993 0.050521 0.097426
0 0.589583 0.852941 0.129167 0.213235
0 0.351823 0.885110 0.173437 0.229779
0 0.155469 0.510570 0.113021 0.113051
0 0.350000 0.389706 0.065625 0.082721
0 0.374740 0.302849 0.043229 0.056066
0 0.396615 0.287684 0.040104 0.053309
0 0.410156 0.327206 0.049479 0.066176
0 0.283594 0.337316 0.058854 0.066176
0 0.910937 0.465074 0.061458 0.093750
4 0.840885 0.456801 0.059896 0.097426
4 0.546875 0.363051 0.059375 0.075368
4 0.228385 0.352482 0.075521 0.083640
4 0.158073 0.391544 0.084896 0.097426
3 0.297917 0.377757 0.029167 0.073529
