5 0.213021 0.741728 0.252083 0.404412
4 0.559375 0.471048 0.089583 0.197610
4 0.852083 0.464614 0.055208 0.103860
4 0.227865 0.354779 0.077604 0.091912
4 0.158333 0.392463 0.084375 0.095588
0 0.392448 0.292279 0.041146 0.058824
4 0.670052 0.485294 0.064062 0.108456
0 0.467708 0.285386 0.038542 0.054228
0 0.513021 0.282629 0.031250 0.052390
0 0.659115 0.313419 0.036979 0.051471
0 0.977604 0.497243 0.044792 0.086397
0 0.862500 0.377298 0.035417 0.065257
3 0.419010 0.324908 0.022396 0.054228
0 0.285417 0.339614 0.062500 0.078125
