6 0.856510 0.339614 0.042188 0.085478
0 0.817969 0.411305 0.043229 0.072610
0 0.917708 0.715533 0.103125 0.206801
0 0.536198 0.772059 0.134896 0.207721
0 0.360938 0.628676 0.103125 0.139706
0 0.553125 0.500919 0.067708 0.084559
0 0.663021 0.475643 0.063542 0.102022
0 0.550521 0.351562 0.042708 0.065257
0 0.634115 0.352482 0.041146 0.063419
0 0.455469 0.284007 0.039062 0.053309
0 0.286979 0.336857 0.063542 0.076287
4 0.686458 0.385570 0.044792 0.085478
4 0.228646 0.349724 0.076042 0.094669
4 0.156250 0.387408 0.089583 0.085478
4 0.907031 0.423713 0.049479 0.097426
4 0.610156 0.397978 0.046354 0.084559
