5 0.950521 0.513787 0.083333 0.193015
0 0.862240 0.548713 0.067187 0.115809
0 0.840365 0.454044 0.055729 0.093750
0 0.363542 0.895221 0.152083 0.209559
0 0.565885 0.347426 0.044271 0.071691
0 0.644010 0.330882 0.033854 0.066176
0 0.496354 0.291820 0.038542 0.061581
0 0.336198 0.383732 0.065104 0.078125
0 0.282292 0.337316 0.058333 0.064338
3 0.608333 0.331342 0.022917 0.068934
3 0.666667 0.350643 0.021875 0.048713
3 0.175521 0.891544 0.080208 0.187500
4 0.540104 0.883732 0.146875 0.232537
4 0.228125 0.349724 0.073958 0.085478
4 0.159896 0.388787 0.085417 0.095588
