5 0.416927 0.084099 0.042188 0.067096
0 0.437240 0.115809 0.035937 0.042279
0 0.192969 0.434743 0.135937 0.139706
0 0.616406 0.183824 0.035937 0.058824
0 0.595833 0.117647 0.029167 0.034926
0 0.844010 0.588235 0.099479 0.204044
0 0.830990 0.416820 0.073438 0.136949
0 0.921094 0.396599 0.067187 0.111213
0 0.856771 0.243107 0.045833 0.074449
0 0.806771 0.139706 0.027083 0.038603
4 0.755729 0.119485 0.021875 0.036765
4 0.746875 0.187960 0.035417 0.111213
4 0.632292 0.132353 0.027083 0.049632
4 0.481510 0.163603 0.051562 0.064338
4 0.393750 0.239430 0.076042 0.089154
3 0.286458 0.153952 0.026042 0.054228
3 0.938542 0.335478 0.028125 0.080882
