5 0.351823 0.152574 0.086979 0.110294
6 0.345313 0.090074 0.191667 0.099265
4 0.319010 0.496783 0.128646 0.170037
4 0.233333 0.370864 0.119792 0.131434
4 0.184896 0.254136 0.097917 0.081801
0 0.274479 0.182904 0.056250 0.058824
0 0.537240 0.258732 0.052604 0.089154
0 0.869271 0.649816 0.108333 0.216912
0 0.936198 0.482077 0.093229 0.149816
0 0.939323 0.335938 0.064062 0.102022
0 0.781510 0.261949 0.054688 0.106618
1 0.797656 0.112132 0.043229 0.091912
0 0.916667 0.189798 0.038542 0.061581
3 0.956510 0.186121 0.018229 0.052390
