5 0.747135 0.185662 0.039062 0.069853
0 0.786198 0.186581 0.033854 0.071691
0 0.932552 0.204044 0.040104 0.058824
0 0.869271 0.144761 0.025000 0.039522
0 0.926562 0.457261 0.085417 0.142463
0 0.810156 0.461397 0.070312 0.137868
0 0.377344 0.596507 0.132812 0.194853
0 0.064323 0.300092 0.119271 0.111213
0 0.385677 0.119026 0.039062 0.043199
0 0.427865 0.128676 0.036979 0.040441
0 0.560156 0.110754 0.028646 0.035846
0 0.459635 0.077206 0.026562 0.033088
3 0.552865 0.145680 0.014063 0.054228
4 0.589583 0.133272 0.030208 0.049632
0 0.725521 0.124540 0.022917 0.041360
4 0.753385 0.105699 0.022396 0.045956
4 0.490885 0.760570 0.144271 0.313419
0 0.890885 0.127298 0.034896 0.041360
