5 0.636719 0.318474 0.046354 0.092831
4 0.511979 0.410386 0.056250 0.081801
4 0.457813 0.301011 0.047917 0.081801
4 0.375000 0.367188 0.061458 0.081801
4 0.227865 0.352941 0.076563 0.080882
4 0.072917 0.494485 0.133333 0.119485
0 0.351562 0.847426 0.142708 0.202206
0 0.146354 0.398438 0.081250 0.070772
0 0.282552 0.331801 0.063021 0.060662
0 0.584635 0.443934 0.053646 0.073529
0 0.673438 0.455882 0.051042 0.079044
3 0.604427 0.312500 0.021354 0.064338
4 0.700781 0.307904 0.032813 0.073529
4 0.891146 0.328585 0.031250 0.083640
