5 0.486198 0.332261 0.093229 0.190257
4 0.349740 0.268842 0.089063 0.103860
4 0.966146 0.512408 0.067708 0.260110
4 0.729427 0.135110 0.027604 0.044118
4 0.780469 0.160846 0.033854 0.051471
2 0.796875 0.352941 0.057292 0.102941
0 0.093750 0.368566 0.109375 0.115809
0 0.053385 0.604320 0.105729 0.179228
0 0.296094 0.173713 0.056771 0.053309
0 0.385417 0.155331 0.038542 0.045956
3 0.478646 0.165901 0.022917 0.054228
0 0.537500 0.114430 0.033333 0.046875
5 0.406510 0.102022 0.040104 0.058824
0 0.898958 0.171875 0.031250 0.045956
