5 0.589583 0.303309 0.040625 0.084559
4 0.643490 0.328125 0.035937 0.055147
4 0.692969 0.351562 0.039062 0.057904
4 0.227604 0.349265 0.073958 0.075368
0 0.426302 0.719669 0.104688 0.148897
0 0.583854 0.423254 0.053125 0.067096
0 0.415104 0.341912 0.046875 0.053309
0 0.282031 0.334099 0.060937 0.057904
0 0.146615 0.398438 0.077604 0.076287
0 0.923698 0.507353 0.059896 0.097426
0 0.932552 0.782169 0.101562 0.176471
3 0.430729 0.498621 0.035417 0.116728
3 0.368750 0.324908 0.019792 0.067096
0 0.503646 0.290901 0.039583 0.054228
