1 0.088021 0.521140 0.175000 0.332721
4 0.382812 0.835478 0.167708 0.253676
4 0.229167 0.349265 0.075000 0.068015
4 0.659896 0.517923 0.062500 0.120404
4 0.624479 0.359375 0.039583 0.075368
4 0.842187 0.409467 0.043750 0.081801
0 0.380990 0.299632 0.045312 0.045956
0 0.286198 0.335018 0.055729 0.056066
0 0.432292 0.330423 0.048958 0.052390
0 0.542188 0.365349 0.038542 0.061581
0 0.555469 0.492647 0.066146 0.102941
0 0.947396 0.808824 0.105208 0.261029
0 0.685937 0.380974 0.035417 0.050551
0 0.688802 0.336397 0.027604 0.051471
3 0.652344 0.380974 0.020313 0.072610
3 0.521094 0.424632 0.029687 0.068015
