5 0.467187 0.153952 0.053125 0.081801
4 0.809375 0.219210 0.043750 0.068934
4 0.800260 0.384191 0.067187 0.152574
4 0.200000 0.207721 0.082292 0.086397
4 0.634115 0.117647 0.028646 0.049632
0 0.627083 0.154412 0.027083 0.055147
0 0.477083 0.838695 0.146875 0.309743
0 0.161719 0.458180 0.132812 0.136949
0 0.796875 0.141085 0.026042 0.041360
0 0.924479 0.323070 0.065625 0.113051
0 0.895573 0.167279 0.034896 0.049632
0 0.726302 0.128217 0.029687 0.046875
3 0.767188 0.124540 0.012500 0.041360
3 0.419531 0.093750 0.014063 0.047794
