5 0.600260 0.410846 0.047396 0.088235
3 0.645573 0.436121 0.024479 0.070772
3 0.310156 0.727022 0.055729 0.158088
0 0.442448 0.556526 0.086979 0.127757
0 0.660417 0.498162 0.056250 0.095588
0 0.607031 0.709099 0.097396 0.177390
0 0.556771 0.343750 0.040625 0.058824
0 0.393490 0.291820 0.039062 0.057904
0 0.283594 0.332721 0.058854 0.064338
0 0.280729 0.433824 0.071875 0.082721
4 0.229427 0.350184 0.082812 0.086397
4 0.157812 0.391544 0.086458 0.093750
4 0.842448 0.445312 0.052604 0.140625
0 0.905990 0.376379 0.028646 0.054228
6 0.861719 0.357077 0.036979 0.092831
3 0.613542 0.326746 0.023958 0.057904
