5 0.567708 0.158548 0.045833 0.094669
4 0.621354 0.200827 0.042708 0.059743
4 0.641146 0.115809 0.027083 0.042279
0 0.571615 0.085938 0.023438 0.037684
0 0.434115 0.198070 0.057813 0.063419
0 0.402083 0.107077 0.036458 0.048713
0 0.494010 0.372702 0.072396 0.109375
0 0.271875 0.340533 0.107292 0.125919
0 0.832292 0.500919 0.082292 0.152574
0 0.800781 0.219669 0.041146 0.062500
0 0.747917 0.184743 0.033333 0.051471
2 0.809635 0.149816 0.029687 0.045956
2 0.514062 0.125000 0.032292 0.047794
2 0.482552 0.074449 0.023438 0.038603
