5 0.384896 0.567096 0.121875 0.216912
0 0.463802 0.714154 0.106771 0.172794
0 0.561979 0.898897 0.143750 0.202206
0 0.668229 0.424632 0.047917 0.084559
0 0.874219 0.599265 0.080729 0.139706
0 0.286719 0.340074 0.059896 0.071691
0 0.864844 0.376379 0.034896 0.061581
4 0.828385 0.396599 0.052604 0.087316
4 0.937760 0.508732 0.076563 0.135110
4 0.577083 0.452206 0.062500 0.095588
4 0.222396 0.472886 0.112500 0.120404
4 0.050521 0.512408 0.100000 0.135110
4 0.156771 0.389706 0.085417 0.090074
4 0.232813 0.356158 0.075000 0.089154
3 0.439844 0.312500 0.033854 0.068015
3 0.971094 0.443474 0.025521 0.065257
4 0.690104 0.340074 0.043750 0.066176
2 0.504687 0.291360 0.040625 0.053309
