1 0.533594 0.505515 0.136979 0.261029
4 0.633333 0.643842 0.102083 0.159007
4 0.432292 0.499081 0.084375 0.123162
4 0.227865 0.354779 0.077604 0.084559
4 0.157031 0.391544 0.084896 0.097426
4 0.839583 0.448989 0.058333 0.147978
4 0.602083 0.298254 0.035417 0.059743
0 0.661719 0.452665 0.053646 0.085478
0 0.286198 0.336397 0.061979 0.064338
0 0.294531 0.415901 0.074479 0.085478
0 0.553385 0.345588 0.044271 0.073529
3 0.464323 0.938419 0.071354 0.123162
3 0.622396 0.344210 0.021875 0.050551
4 0.686458 0.353401 0.040625 0.078125
0 0.893229 0.445312 0.045833 0.081801
0 0.710677 0.299632 0.032813 0.051471
0 0.493490 0.431985 0.055729 0.071691
