5 0.428125 0.112132 0.046875 0.071691
0 0.129688 0.352941 0.114583 0.106618
0 0.342448 0.288143 0.075521 0.087316
0 0.330990 0.157169 0.054688 0.055147
0 0.872917 0.680607 0.120833 0.260110
0 0.770312 0.295496 0.051042 0.092831
0 0.735938 0.160846 0.029167 0.056985
0 0.814844 0.160386 0.025521 0.046875
0 0.941667 0.187500 0.034375 0.053309
0 0.522917 0.130055 0.034375 0.039522
0 0.264062 0.106158 0.069792 0.059743
2 0.176042 0.096507 0.061458 0.047794
4 0.597917 0.112592 0.027083 0.046875
4 0.519792 0.291360 0.063542 0.091912
4 0.578646 0.383272 0.068750 0.132353
4 0.832292 0.261949 0.048958 0.125000
4 0.972917 0.419577 0.053125 0.120404
4 0.888542 0.161765 0.036458 0.049632
0 0.396615 0.109835 0.036979 0.045037
