5 0.669271 0.267463 0.038542 0.095588
4 0.695052 0.343750 0.034896 0.071691
4 0.925781 0.420496 0.057813 0.087316
4 0.924219 0.495404 0.058854 0.088235
4 0.584896 0.448070 0.050000 0.081801
4 0.539062 0.379596 0.044792 0.077206
4 0.229948 0.352482 0.073438 0.079963
4 0.157292 0.393382 0.090625 0.093750
0 0.809375 0.352482 0.036458 0.063419
0 0.632552 0.342831 0.038021 0.047794
0 0.514323 0.600184 0.076563 0.115809
0 0.295573 0.421875 0.077604 0.077206
0 0.285156 0.334559 0.057813 0.060662
0 0.343490 0.316636 0.045312 0.048713
0 0.374479 0.301471 0.039583 0.042279
0 0.394792 0.287684 0.037500 0.047794
2 0.416146 0.539522 0.082292 0.123162
