1 0.887240 0.318934 0.046354 0.088235
0 0.855729 0.360754 0.032292 0.050551
0 0.624479 0.621324 0.079167 0.123162
0 0.959896 0.539522 0.073958 0.136029
0 0.512760 0.604779 0.079687 0.121324
0 0.666667 0.437500 0.047917 0.068015
0 0.657031 0.308364 0.028646 0.046875
0 0.589844 0.321232 0.036979 0.048713
0 0.481250 0.300092 0.033333 0.050551
0 0.282031 0.337316 0.061979 0.058824
0 0.194531 0.479779 0.086979 0.112132
4 0.228646 0.350184 0.071875 0.084559
4 0.155990 0.390625 0.084896 0.084559
4 0.693750 0.344210 0.033333 0.063419
2 0.591146 0.433364 0.052083 0.068934
