5 0.849740 0.318934 0.055729 0.091912
5 0.519010 0.146140 0.049479 0.099265
1 0.397917 0.078585 0.069792 0.078125
0 0.263542 0.109835 0.068750 0.061581
0 0.311719 0.204044 0.070312 0.075368
0 0.490365 0.133272 0.027604 0.047794
0 0.620313 0.179688 0.035417 0.054228
0 0.953646 0.545956 0.092708 0.170956
0 0.792969 0.183824 0.031771 0.069853
0 0.765365 0.121324 0.023438 0.033088
0 0.901823 0.158548 0.028646 0.041360
4 0.521615 0.262408 0.056771 0.094669
0 0.474740 0.090074 0.026562 0.040441
0 0.601042 0.097886 0.025000 0.039522
0 0.768229 0.273897 0.045833 0.080882
2 0.175781 0.095588 0.060937 0.051471
