5 0.939063 0.690257 0.121875 0.299632
0 0.583073 0.892004 0.128646 0.215993
0 0.858854 0.497243 0.051042 0.091912
0 0.818750 0.373621 0.038542 0.057904
0 0.548177 0.374540 0.049479 0.076287
0 0.285938 0.337316 0.057292 0.058824
3 0.608333 0.374081 0.027083 0.058824
3 0.411979 0.501838 0.043750 0.108456
4 0.225781 0.353401 0.080729 0.078125
4 0.160938 0.396140 0.090625 0.088235
4 0.686979 0.376379 0.051042 0.076287
4 0.657031 0.541820 0.074479 0.113051
0 0.897917 0.449449 0.060417 0.079044
3 0.920312 0.403033 0.023958 0.054228
0 0.858854 0.359835 0.034375 0.057904
0 0.599219 0.309743 0.036979 0.049632
