5 0.419010 0.680607 0.193229 0.357537
0 0.438802 0.500460 0.071354 0.096507
0 0.635677 0.538143 0.074479 0.131434
0 0.680208 0.390165 0.046875 0.068934
0 0.823438 0.406710 0.040625 0.068934
0 0.642448 0.338235 0.033854 0.047794
0 0.407813 0.314338 0.043750 0.060662
0 0.496875 0.293199 0.039583 0.049632
0 0.395573 0.284926 0.042188 0.040441
0 0.376042 0.304228 0.046875 0.053309
0 0.284115 0.338235 0.061979 0.062500
4 0.226302 0.352022 0.076563 0.090074
4 0.155729 0.386489 0.082292 0.094669
3 0.928906 0.395680 0.024479 0.061581
3 0.829688 0.355699 0.021875 0.055147
