5 0.846875 0.250919 0.057292 0.159926
0 0.786719 0.331801 0.057813 0.088235
0 0.598698 0.337776 0.061979 0.105699
0 0.751563 0.207721 0.037500 0.066176
0 0.772135 0.157169 0.030729 0.058824
0 0.557813 0.179688 0.039583 0.061581
0 0.521615 0.125000 0.032813 0.047794
0 0.478125 0.082721 0.027083 0.034926
0 0.637760 0.107537 0.022396 0.040441
0 0.570312 0.075827 0.028125 0.034007
0 0.395573 0.240809 0.066146 0.068015
0 0.276302 0.236213 0.066146 0.073529
4 0.297396 0.652114 0.184375 0.272978
4 0.468490 0.168658 0.055729 0.061581
3 0.075521 0.781250 0.087500 0.198529
