6 0.640365 0.301930 0.050521 0.109375
4 0.670312 0.420496 0.048958 0.111213
4 0.329427 0.883732 0.200521 0.232537
4 0.228385 0.351562 0.073438 0.078125
0 0.646354 0.579963 0.061458 0.102941
0 0.863542 0.551930 0.063542 0.100184
0 0.533073 0.565257 0.071354 0.112132
0 0.569010 0.434743 0.049479 0.075368
0 0.416406 0.308824 0.044271 0.051471
0 0.378906 0.293199 0.036979 0.045956
0 0.284115 0.329963 0.054688 0.051471
6 0.908073 0.352022 0.041146 0.088235
5 0.864323 0.370404 0.045312 0.095588
3 0.635417 0.417279 0.025000 0.080882
