5 0.694531 0.329963 0.039062 0.079044
4 0.413802 0.552849 0.114062 0.171875
4 0.623698 0.543199 0.080729 0.211397
4 0.848958 0.481618 0.066667 0.169118
4 0.657552 0.318474 0.039062 0.063419
4 0.225781 0.351103 0.080729 0.099265
4 0.160938 0.393382 0.092708 0.095588
0 0.609635 0.385110 0.050521 0.069853
0 0.684375 0.415441 0.052083 0.084559
0 0.472656 0.309743 0.045312 0.077206
0 0.286458 0.331801 0.060417 0.062500
0 0.889583 0.411305 0.045833 0.090993
0 0.958854 0.585938 0.080208 0.131434
0 0.604167 0.310662 0.035417 0.060662
