6 0.963802 0.458180 0.072396 0.195772
3 0.941667 0.605699 0.042708 0.097426
3 0.228125 0.913143 0.080208 0.160846
0 0.225000 0.762868 0.157292 0.213235
0 0.466146 0.705423 0.102083 0.160846
0 0.443229 0.504136 0.079167 0.118566
0 0.516927 0.403033 0.057813 0.074449
0 0.676302 0.426930 0.047396 0.074449
0 0.824479 0.434743 0.044792 0.080882
0 0.894010 0.657169 0.091146 0.137868
0 0.280469 0.333640 0.055729 0.056985
0 0.392188 0.289522 0.042708 0.049632
0 0.454427 0.319853 0.041146 0.051471
4 0.227865 0.356158 0.079687 0.079963
4 0.155469 0.387868 0.085938 0.097426
4 0.567448 0.456342 0.066146 0.096507
4 0.869792 0.403033 0.042708 0.074449
4 0.613802 0.663143 0.084896 0.166360
