5 0.205990 0.460938 0.123438 0.157169
0 0.285677 0.336857 0.056771 0.070772
0 0.353646 0.307445 0.045833 0.048713
0 0.394271 0.291360 0.047917 0.047794
0 0.468750 0.305147 0.050000 0.055147
0 0.533333 0.276195 0.029167 0.045037
0 0.633073 0.601103 0.083854 0.134191
0 0.829167 0.448529 0.052083 0.075368
0 0.881771 0.420496 0.043750 0.068934
0 0.919792 0.394761 0.040625 0.072610
4 0.947396 0.785386 0.105208 0.302390
4 0.621094 0.373621 0.046354 0.074449
4 0.544271 0.872243 0.157292 0.255515
4 0.227604 0.350184 0.077083 0.086397
4 0.156250 0.386489 0.089583 0.089154
3 0.487760 0.465993 0.036979 0.084559
