5 0.558854 0.095129 0.036458 0.070772
5 0.457552 0.232996 0.077604 0.135110
0 0.405208 0.139706 0.042708 0.053309
0 0.457552 0.095588 0.031771 0.038603
0 0.923177 0.315257 0.058854 0.082721
0 0.962240 0.235294 0.048438 0.069853
0 0.914583 0.192555 0.035417 0.046875
0 0.789323 0.185662 0.033854 0.055147
0 0.758333 0.135110 0.027083 0.053309
0 0.635677 0.101562 0.028646 0.034007
3 0.879948 0.237132 0.019271 0.062500
3 0.861198 0.278033 0.024479 0.068934
4 0.774479 0.307904 0.055208 0.090074
4 0.864323 0.606158 0.111979 0.302390
