5 0.494010 0.278952 0.047396 0.098346
4 0.553125 0.493566 0.079167 0.113971
4 0.227865 0.353860 0.077604 0.084559
4 0.159896 0.386949 0.088542 0.095588
0 0.675521 0.409007 0.050000 0.077206
0 0.343229 0.898897 0.172917 0.202206
0 0.545312 0.899357 0.143750 0.201287
0 0.868229 0.588695 0.085417 0.160846
0 0.971875 0.632812 0.056250 0.138787
0 0.975781 0.495864 0.048438 0.083640
0 0.856771 0.470129 0.054167 0.092831
0 0.396615 0.314798 0.049479 0.063419
0 0.275000 0.426471 0.079167 0.095588
0 0.285417 0.329963 0.062500 0.077206
3 0.513281 0.378217 0.027604 0.065257
