5 0.634115 0.324908 0.052604 0.116728
0 0.283854 0.335478 0.062500 0.073529
0 0.371875 0.303309 0.043750 0.056985
0 0.396094 0.288143 0.044271 0.054228
0 0.673438 0.433824 0.048958 0.082721
0 0.689063 0.381893 0.039583 0.063419
0 0.835417 0.465993 0.051042 0.086397
0 0.217708 0.811581 0.173958 0.205882
0 0.594010 0.314798 0.034896 0.046875
4 0.880469 0.409926 0.046354 0.069853
4 0.581510 0.796875 0.123438 0.227941
4 0.230990 0.356618 0.078646 0.095588
4 0.158594 0.394301 0.093229 0.095588
3 0.542969 0.385110 0.028646 0.069853
