5 0.525781 0.369485 0.079687 0.163603
4 0.620573 0.435662 0.055729 0.093750
4 0.623177 0.372702 0.047396 0.081801
4 0.677865 0.411305 0.048438 0.090993
4 0.903125 0.631893 0.101042 0.192096
4 0.892969 0.422335 0.048438 0.085478
4 0.621615 0.713235 0.089063 0.185662
4 0.231250 0.352941 0.072917 0.088235
4 0.470313 0.302849 0.047917 0.065257
4 0.154948 0.387408 0.085938 0.094669
0 0.200260 0.488971 0.107813 0.136029
0 0.527344 0.528033 0.073438 0.100184
0 0.416667 0.822151 0.139583 0.212316
3 0.591667 0.517923 0.032292 0.098346
3 0.171875 0.864890 0.087500 0.194853
0 0.283594 0.332721 0.066146 0.075368
