1 0.366667 0.351562 0.128125 0.146140
0 0.283854 0.330882 0.055208 0.064338
0 0.624219 0.369485 0.035937 0.062500
0 0.589063 0.448529 0.061458 0.088235
0 0.601562 0.690717 0.094792 0.151654
0 0.329948 0.897059 0.189062 0.205882
0 0.381771 0.581342 0.106250 0.153493
0 0.835938 0.426471 0.042708 0.084559
0 0.928125 0.503676 0.053125 0.091912
0 0.967969 0.466452 0.059896 0.090993
4 0.228125 0.340533 0.080208 0.092831
4 0.153646 0.380055 0.094792 0.087316
4 0.674219 0.421875 0.045312 0.090074
3 0.525521 0.379596 0.029167 0.068015
3 0.919271 0.406250 0.021875 0.062500
3 0.192708 0.409467 0.036458 0.085478
3 0.533333 0.269761 0.020833 0.050551
0 0.603906 0.317096 0.043229 0.056985
0 0.703385 0.332721 0.036979 0.055147
0 0.653125 0.314798 0.032292 0.054228
0 0.861979 0.376379 0.038542 0.059743
