5 0.443490 0.254596 0.071354 0.123162
0 0.499479 0.334559 0.061458 0.084559
0 0.599219 0.329504 0.064062 0.102022
0 0.546354 0.226562 0.053125 0.067096
0 0.120052 0.282629 0.089063 0.079963
0 0.414062 0.545037 0.110417 0.152574
0 0.884375 0.729779 0.121875 0.286765
0 0.877083 0.384651 0.064583 0.103860
0 0.966927 0.385570 0.066146 0.125919
4 0.851562 0.246783 0.047917 0.089154
0 0.745052 0.183364 0.034896 0.052390
0 0.577865 0.144761 0.035937 0.067096
4 0.296875 0.168199 0.065625 0.068015
2 0.035156 0.460478 0.069271 0.121324
3 0.523177 0.500000 0.045312 0.147059
