5 0.653646 0.295956 0.052083 0.091912
0 0.695312 0.351103 0.040625 0.066176
0 0.706510 0.307904 0.030729 0.049632
0 0.517188 0.284007 0.035417 0.055147
0 0.830469 0.410846 0.045312 0.082721
0 0.876823 0.397518 0.044271 0.089154
0 0.921615 0.686581 0.109896 0.204044
0 0.632552 0.589154 0.073438 0.137868
0 0.309115 0.435662 0.061979 0.097426
0 0.296615 0.374540 0.064062 0.083640
0 0.286719 0.332721 0.064062 0.075368
0 0.325781 0.916360 0.186979 0.167279
4 0.227865 0.347886 0.080729 0.092831
4 0.157031 0.392923 0.091146 0.107537
4 0.560677 0.494485 0.068229 0.139706
4 0.493490 0.409926 0.061979 0.141544
4 0.394531 0.642923 0.136979 0.166360
