5 0.587240 0.401195 0.078646 0.140625
4 0.327083 0.635570 0.110417 0.164522
4 0.652865 0.479779 0.052604 0.106618
4 0.685417 0.392923 0.042708 0.076287
4 0.354427 0.342831 0.056771 0.075368
4 0.225260 0.352022 0.078646 0.101103
4 0.154427 0.391544 0.081771 0.097426
0 0.612240 0.693474 0.094271 0.170037
0 0.283854 0.326746 0.061458 0.078125
0 0.891406 0.650735 0.089063 0.159926
0 0.836719 0.447151 0.041146 0.078125
0 0.970573 0.481618 0.050521 0.082721
0 0.953125 0.871783 0.093750 0.208640
2 0.122135 0.542279 0.130729 0.150735
