6 0.233594 0.789062 0.450521 0.421875
0 0.459375 0.484375 0.062500 0.084559
0 0.645833 0.525276 0.065625 0.094669
0 0.965625 0.573989 0.066667 0.102022
0 0.830208 0.431985 0.042708 0.071691
0 0.660156 0.403033 0.043229 0.061581
0 0.690885 0.352941 0.030729 0.055147
0 0.440885 0.329044 0.040104 0.060662
0 0.283333 0.337776 0.056250 0.054228
0 0.144792 0.395221 0.077083 0.064338
4 0.227865 0.350643 0.074479 0.079963
4 0.539583 0.520680 0.078125 0.118566
4 0.893229 0.603860 0.080208 0.141544
3 0.952083 0.422794 0.029167 0.084559
