5 0.326302 0.413603 0.161979 0.244485
0 0.486458 0.387868 0.073958 0.104779
0 0.877344 0.681066 0.123438 0.233456
0 0.903385 0.416360 0.077604 0.143382
0 0.946094 0.354779 0.073438 0.108456
0 0.940365 0.207721 0.048438 0.064338
0 0.929948 0.173254 0.035937 0.050551
0 0.628125 0.170037 0.033333 0.049632
0 0.434635 0.119026 0.039062 0.043199
0 0.329948 0.144761 0.049479 0.043199
0 0.137240 0.336397 0.120313 0.099265
0 0.788802 0.119026 0.023438 0.039522
3 0.841406 0.177849 0.016146 0.054228
4 0.757292 0.211397 0.043750 0.084559
4 0.577865 0.134191 0.033854 0.055147
4 0.722656 0.120404 0.024479 0.062500
4 0.764583 0.127757 0.029167 0.073529
