1 0.321354 0.113511 0.103125 0.102022
0 0.195833 0.307904 0.083333 0.090074
0 0.905469 0.431985 0.078646 0.125000
0 0.876302 0.244945 0.049479 0.085478
0 0.939583 0.207721 0.039583 0.058824
0 0.877344 0.153493 0.025521 0.038603
0 0.766406 0.142923 0.026562 0.037684
0 0.576302 0.167739 0.032813 0.046875
0 0.552604 0.099265 0.028125 0.038603
0 0.469010 0.093750 0.030729 0.038603
4 0.615625 0.130055 0.026042 0.045037
4 0.729688 0.137868 0.027083 0.053309
0 0.495833 0.320312 0.072917 0.113051
0 0.257552 0.107537 0.055729 0.060662
2 0.175521 0.095588 0.061458 0.058824
0 0.447396 0.081801 0.030208 0.038603
3 0.528125 0.152114 0.020833 0.067096
4 0.596875 0.350643 0.067708 0.118566
