6 0.437240 0.270680 0.145313 0.267463
4 0.601562 0.276654 0.052083 0.091912
4 0.754948 0.230239 0.042188 0.096507
4 0.826562 0.262408 0.052083 0.079963
4 0.733594 0.141544 0.026562 0.053309
0 0.946615 0.222426 0.040104 0.053309
0 0.831771 0.175092 0.031250 0.054228
0 0.898698 0.164522 0.026562 0.040441
0 0.941667 0.160846 0.045833 0.047794
0 0.804948 0.391085 0.066146 0.120404
0 0.434375 0.551471 0.108333 0.161765
0 0.567187 0.187040 0.037500 0.059743
0 0.340885 0.149357 0.047396 0.057904
3 0.570312 0.094210 0.016667 0.041360
3 0.362760 0.107537 0.016146 0.047794
