5 0.427865 0.673254 0.191146 0.370404
4 0.651823 0.557904 0.077604 0.139706
4 0.224740 0.349724 0.084896 0.098346
4 0.160938 0.391085 0.090625 0.096507
4 0.297917 0.385110 0.075000 0.099265
4 0.937240 0.416360 0.050521 0.075368
0 0.860938 0.520680 0.066667 0.105699
0 0.958073 0.564338 0.068229 0.121324
0 0.817969 0.409926 0.047396 0.062500
0 0.848958 0.366268 0.031250 0.054228
0 0.972917 0.486213 0.054167 0.090074
0 0.456250 0.476103 0.060417 0.077206
0 0.196875 0.786305 0.177083 0.219669
0 0.284115 0.337316 0.057813 0.066176
0 0.343750 0.318015 0.042708 0.068015
0 0.370833 0.299632 0.045833 0.062500
0 0.397396 0.284467 0.041667 0.056066
3 0.457552 0.298713 0.023438 0.060662
0 0.693750 0.329044 0.035417 0.068015
