5 0.565104 0.319853 0.058333 0.106618
0 0.566927 0.871324 0.125521 0.226103
0 0.859375 0.550092 0.066667 0.122243
0 0.359896 0.302849 0.048958 0.056066
0 0.394271 0.286765 0.040625 0.058824
0 0.284375 0.334559 0.056250 0.068015
0 0.663802 0.453125 0.050521 0.091912
0 0.833333 0.414982 0.041667 0.065257
0 0.971875 0.478860 0.056250 0.091912
0 0.697656 0.345588 0.035937 0.058824
4 0.637500 0.338695 0.040625 0.068934
4 0.903906 0.431985 0.048438 0.147059
4 0.951302 0.706342 0.096354 0.232537
4 0.226042 0.349265 0.080208 0.090074
4 0.160417 0.394761 0.091667 0.092831
3 0.288542 0.787224 0.064583 0.177390
