5 0.587240 0.315257 0.045312 0.091912
0 0.494792 0.444393 0.057292 0.090993
0 0.598437 0.435662 0.052083 0.090074
0 0.647917 0.331342 0.038542 0.068934
0 0.694792 0.359835 0.039583 0.059743
0 0.701042 0.328585 0.036458 0.056066
0 0.820312 0.392463 0.042708 0.060662
0 0.902344 0.454963 0.052604 0.079044
4 0.847396 0.473346 0.063542 0.104779
4 0.401302 0.361213 0.073438 0.077206
4 0.489323 0.294577 0.045312 0.063419
4 0.366146 0.334559 0.059375 0.075368
4 0.230729 0.357996 0.078125 0.090993
4 0.160417 0.390165 0.093750 0.102022
4 0.951042 0.875919 0.092708 0.248162
0 0.285677 0.336857 0.061979 0.078125
