5 0.591146 0.112592 0.036458 0.063419
4 0.573177 0.065257 0.023438 0.051471
4 0.431510 0.294577 0.085938 0.111213
4 0.818490 0.423254 0.084896 0.245404
4 0.820833 0.249081 0.047917 0.071691
4 0.865104 0.228860 0.040625 0.075368
4 0.768229 0.230699 0.046875 0.115809
4 0.739062 0.158548 0.031250 0.067096
0 0.842187 0.193474 0.032292 0.043199
0 0.904167 0.177849 0.036458 0.057904
0 0.600521 0.265625 0.052083 0.093750
0 0.239583 0.381434 0.112500 0.125000
0 0.399479 0.112592 0.042708 0.037684
0 0.638021 0.111673 0.027083 0.041360
2 0.527865 0.117188 0.031771 0.048713
