1 0.523698 0.365809 0.094271 0.143382
4 0.621354 0.375460 0.042708 0.065257
4 0.674219 0.442096 0.045312 0.084559
4 0.920312 0.479779 0.065625 0.112132
4 0.691146 0.354779 0.034375 0.064338
4 0.641667 0.333180 0.033333 0.052390
4 0.227865 0.346507 0.076563 0.079044
0 0.282813 0.334099 0.053125 0.070772
0 0.146094 0.400276 0.082812 0.074449
0 0.289583 0.433824 0.069792 0.082721
0 0.574219 0.557445 0.078646 0.122243
3 0.584635 0.374081 0.018229 0.071691
3 0.390885 0.320772 0.024479 0.064338
2 0.434635 0.328585 0.045312 0.057904
