5 0.641927 0.359835 0.059896 0.129596
6 0.861458 0.364430 0.051042 0.103860
0 0.927865 0.516544 0.065104 0.102941
0 0.964323 0.826746 0.071354 0.201287
0 0.808073 0.342371 0.026562 0.052390
0 0.701823 0.340533 0.040104 0.065257
0 0.488281 0.442096 0.079687 0.112132
0 0.466146 0.681985 0.105208 0.156250
0 0.193229 0.493107 0.100000 0.111213
0 0.282552 0.335018 0.056771 0.067096
0 0.371615 0.302849 0.047396 0.057904
0 0.398438 0.288143 0.047917 0.056066
4 0.229948 0.356158 0.080729 0.094669
4 0.155990 0.391085 0.086979 0.098346
