5 0.636458 0.323070 0.035417 0.085478
0 0.621615 0.375000 0.043229 0.071691
0 0.507552 0.433364 0.068229 0.089154
0 0.642188 0.573070 0.084375 0.149816
0 0.819271 0.395221 0.039583 0.058824
0 0.286458 0.332721 0.063542 0.071691
0 0.193750 0.488971 0.106250 0.121324
0 0.428385 0.335018 0.057813 0.061581
4 0.227865 0.350184 0.080729 0.084559
4 0.157292 0.388327 0.094792 0.092831
4 0.886198 0.414522 0.051562 0.075368
4 0.939063 0.693934 0.110417 0.194853
2 0.951823 0.542739 0.067187 0.116728
2 0.666406 0.430607 0.052604 0.081801
3 0.389062 0.317555 0.021875 0.065257
3 0.586458 0.337316 0.019792 0.058824
