1 0.422396 0.105239 0.080208 0.105699
4 0.369792 0.127298 0.047917 0.046875
4 0.888281 0.708180 0.128646 0.309743
4 0.951562 0.509651 0.096875 0.212316
4 0.742448 0.187040 0.042188 0.085478
4 0.626042 0.110294 0.032292 0.062500
0 0.507292 0.152574 0.041667 0.047794
0 0.620573 0.198529 0.035937 0.051471
0 0.827604 0.266544 0.050000 0.075368
0 0.782031 0.180147 0.030729 0.049632
0 0.964583 0.237132 0.045833 0.062500
0 0.890625 0.159926 0.039583 0.051471
0 0.541406 0.113051 0.035937 0.047794
0 0.758333 0.117647 0.027083 0.040441
