2 0.158854 0.385110 0.066667 0.075368
3 0.089323 0.700827 0.051562 0.111213
0 0.274740 0.392004 0.070312 0.081801
4 0.672656 0.798713 0.129688 0.402574
3 0.920573 0.621783 0.035937 0.125919
0 0.624219 0.391085 0.058854 0.140625
6 0.765104 0.349265 0.077083 0.183824
0 0.668750 0.288603 0.051042 0.090074
3 0.706510 0.244485 0.016146 0.051471
2 0.602083 0.160386 0.027083 0.041360
0 0.428385 0.209559 0.034896 0.044118
0 0.465885 0.238971 0.031771 0.051471
2 0.439323 0.132353 0.018229 0.025735
4 0.337760 0.178309 0.028646 0.031250
