0 0.162240 0.662224 0.101562 0.164522
0 0.657813 0.708180 0.108333 0.285846
0 0.847917 0.839154 0.118750 0.286765
4 0.944271 0.789982 0.111458 0.272978
0 0.600521 0.335018 0.054167 0.092831
4 0.660677 0.270680 0.047396 0.094669
6 0.687240 0.209099 0.063021 0.120404
0 0.585938 0.210478 0.029167 0.049632
0 0.424219 0.269301 0.034896 0.047794
3 0.357552 0.297794 0.013021 0.053309
0 0.351823 0.263327 0.039062 0.057904
0 0.432292 0.191636 0.032292 0.046875
0 0.810156 0.267463 0.048438 0.071691
0 0.566927 0.161305 0.020313 0.032169
