4 0.040365 0.471507 0.079687 0.136029
0 0.147135 0.408088 0.072396 0.082721
0 0.282292 0.244026 0.039583 0.045037
0 0.273698 0.401195 0.063021 0.087316
0 0.369271 0.405331 0.078125 0.110294
3 0.339062 0.259651 0.014583 0.045037
4 0.416146 0.230239 0.037500 0.063419
1 0.457552 0.224724 0.034896 0.061581
0 0.811719 0.727941 0.118229 0.270221
0 0.578906 0.209099 0.034896 0.052390
0 0.626302 0.212776 0.031771 0.059743
0 0.814583 0.266544 0.051042 0.079044
3 0.569531 0.136949 0.008854 0.029412
0 0.732812 0.182904 0.032292 0.047794
